,UNITID,EFYTOTLT,EFYTOTLM,EFYTOTLW,EFYAIANT,EFYAIANM,EFYAIANW,EFYASIAT,EFYASIAM,EFYASIAW,EFYBKAAT,EFYBKAAM,EFYBKAAW,EFYHISPT,EFYHISPM,EFYHISPW,EFYNHPIT,EFYNHPIM,EFYNHPIW,EFYWHITT,EFYWHITM,EFYWHITW,EFY2MORT,EFY2MORM,EFY2MORW,EFYUNKNT,EFYUNKNM,EFYUNKNW,EFYNRALT,EFYNRALM,EFYNRALW,STABBR,OBEREG
0,100654,5479,2193,3286,11,4,7,10,5,5,4965,1972,2993,49,27,22,6,2,4,82,49,33,64,22,42,251,91,160,41,21,20,AL,5
1,100663,14969,5771,9198,29,9,20,951,421,530,3691,1154,2537,824,297,527,4,2,2,8245,3301,4944,665,251,414,80,45,35,480,291,189,AL,5
2,100690,472,147,325,1,1,0,2,1,1,337,73,264,13,7,6,0,0,0,111,62,49,0,0,0,8,3,5,0,0,0,AL,5
3,100706,8898,5082,3816,96,53,43,315,178,137,826,357,469,495,269,226,11,5,6,6279,3719,2560,324,174,150,341,185,156,211,142,69,AL,5
4,100724,4127,1543,2584,8,3,5,16,7,9,3835,1426,2409,40,20,20,4,2,2,67,22,45,47,15,32,52,20,32,58,28,30,AL,5
5,100751,35872,15888,19984,137,58,79,460,199,261,3832,1388,2444,1797,723,1074,40,20,20,27050,12075,14975,1256,461,795,189,101,88,1111,863,248,AL,5
6,100760,2325,972,1353,5,3,2,21,8,13,488,138,350,53,21,32,1,0,1,1713,783,930,27,10,17,11,7,4,6,2,4,AL,5
7,100812,3661,1172,2489,46,7,39,33,12,21,510,125,385,132,35,97,4,1,3,2725,923,1802,99,22,77,110,46,64,2,1,1,AL,5
8,100830,5274,1856,3418,21,8,13,137,62,75,2192,554,1638,73,24,49,4,1,3,2327,942,1385,180,58,122,79,35,44,261,172,89,AL,5
9,100858,26235,13758,12477,77,40,37,653,366,287,1342,670,672,896,445,451,18,9,9,20566,10431,10135,667,337,330,89,60,29,1927,1400,527,AL,5
10,100937,1237,584,653,4,3,1,27,12,15,170,71,99,32,18,14,0,0,0,972,466,506,11,6,5,0,0,0,21,8,13,AL,5
11,101028,2075,699,1376,11,5,6,19,7,12,909,279,630,138,46,92,5,2,3,878,325,553,92,27,65,23,8,15,0,0,0,AL,5
12,101116,487,78,409,1,0,1,2,2,0,324,43,281,5,1,4,3,1,2,147,30,117,0,0,0,5,1,4,0,0,0,AL,5
13,101143,2525,1252,1273,22,10,12,32,15,17,510,240,270,161,64,97,6,2,4,1703,871,832,83,45,38,8,5,3,0,0,0,AL,5
14,101161,9883,4073,5810,186,80,106,112,48,64,2255,836,1419,347,158,189,6,3,3,6649,2795,3854,254,107,147,70,45,25,4,1,3,AL,5
15,101189,2645,1062,1583,13,5,8,17,10,7,1128,344,784,60,40,20,9,7,2,1255,581,674,65,29,36,55,13,42,43,33,10,AL,5
16,101240,6108,2411,3697,23,9,14,43,25,18,1097,386,711,309,117,192,8,3,5,4091,1630,2461,184,70,114,236,117,119,117,54,63,AL,5
17,101286,5785,1972,3813,23,8,15,59,21,38,1642,422,1220,238,88,150,7,1,6,3681,1384,2297,122,43,79,11,5,6,2,0,2,AL,5
18,101295,6944,2456,4488,46,21,25,122,46,76,417,135,282,410,156,254,7,3,4,5669,1997,3672,113,31,82,121,49,72,39,18,21,AL,5
19,101301,2239,891,1348,0,0,0,14,7,7,1458,538,920,20,4,16,2,2,0,659,298,361,40,17,23,29,12,17,17,13,4,AL,5
20,101365,1129,217,912,5,1,4,4,2,2,694,53,641,23,6,17,4,1,3,326,141,185,34,5,29,39,8,31,0,0,0,AL,5
21,101435,1109,539,570,9,5,4,8,5,3,218,100,118,52,26,26,1,0,1,746,370,376,46,23,23,28,10,18,1,0,1,AL,5
22,101453,85,82,3,0,0,0,1,1,0,5,4,1,4,4,0,0,0,0,73,71,2,1,1,0,0,0,0,1,1,0,AL,5
23,101462,1225,527,698,12,5,7,6,1,5,702,251,451,72,34,38,2,0,2,293,174,119,74,26,48,38,23,15,26,13,13,AL,5
24,101471,758,566,192,6,3,3,1,1,0,428,376,52,6,5,1,0,0,0,317,181,136,0,0,0,0,0,0,0,0,0,AL,5
25,101480,8916,3751,5165,27,14,13,70,20,50,1676,672,1004,44,23,21,4,1,3,5943,2350,3593,0,0,0,1010,594,416,142,77,65,AL,5
26,101505,12361,4655,7706,39,15,24,235,98,137,2521,760,1761,643,243,400,8,3,5,8018,3119,4899,329,148,181,363,176,187,205,93,112,AL,5
27,101514,13627,6351,7276,154,77,77,302,132,170,2105,860,1245,884,382,502,17,11,6,8846,4254,4592,763,340,423,432,232,200,124,63,61,AL,5
28,101541,310,8,302,2,0,2,0,0,0,53,5,48,5,0,5,1,0,1,206,3,203,4,0,4,39,0,39,0,0,0,AL,5
29,101569,4697,1693,3004,12,6,6,23,10,13,3858,1258,2600,117,59,58,3,1,2,587,320,267,62,23,39,17,9,8,18,7,11,AL,5
30,101587,2825,1045,1780,17,5,12,9,6,3,1161,401,760,45,17,28,2,1,1,1248,473,775,62,26,36,181,66,115,100,50,50,AL,5
31,101602,2286,946,1340,10,5,5,14,6,8,449,133,316,53,28,25,1,1,0,1688,740,948,63,30,33,6,2,4,2,1,1,AL,5
32,101648,442,319,123,5,4,1,14,9,5,100,69,31,31,23,8,3,3,0,273,198,75,16,13,3,0,0,0,0,0,0,AL,5
33,101675,1677,820,857,1,1,0,1,1,0,1552,735,817,18,8,10,1,1,0,62,54,8,31,16,15,11,4,7,0,0,0,AL,5
34,101693,2143,877,1266,30,8,22,38,12,26,252,82,170,19,7,12,9,3,6,1396,571,825,36,14,22,319,155,164,44,25,19,AL,5
35,101709,2419,842,1577,7,3,4,22,10,12,403,140,263,133,43,90,4,1,3,1635,540,1095,96,39,57,52,20,32,67,46,21,AL,5
36,101736,4639,1787,2852,38,14,24,32,13,19,479,143,336,331,145,186,2,1,1,3456,1362,2094,178,48,130,84,39,45,39,22,17,AL,5
37,101879,7132,2843,4289,45,20,25,203,77,126,894,408,486,258,94,164,9,4,5,5087,1972,3115,205,79,126,108,60,48,323,129,194,AL,5
38,101897,3975,1507,2468,117,47,70,20,8,12,69,24,45,470,191,279,4,2,2,3212,1200,2012,81,33,48,1,1,0,1,1,0,AL,5
39,101912,1587,674,913,10,4,6,6,0,6,1285,547,738,84,39,45,0,0,0,6,1,5,0,0,0,80,34,46,116,49,67,AL,5
40,102030,4242,1590,2652,45,26,19,96,38,58,2644,907,1737,86,26,60,4,2,2,1225,530,695,73,30,43,14,5,9,55,26,29,AL,5
41,102049,3687,1240,2447,7,1,6,38,14,24,251,126,125,124,35,89,1,1,0,3121,1012,2109,83,28,55,13,4,9,49,19,30,AL,5
42,102067,6224,2590,3634,23,10,13,39,19,20,2098,657,1441,202,93,109,3,0,3,3477,1600,1877,164,70,94,117,69,48,101,72,29,AL,5
43,102076,4231,1633,2598,24,11,13,35,12,23,393,117,276,439,152,287,3,0,3,3024,1221,1803,139,41,98,164,76,88,10,3,7,AL,5
44,102094,10544,4243,6301,76,33,43,354,154,200,2314,814,1500,434,162,272,11,4,7,6417,2661,3756,402,143,259,310,129,181,226,143,83,AL,5
45,102234,1252,478,774,3,0,3,15,3,12,179,55,124,48,20,28,4,1,3,836,315,521,40,11,29,72,32,40,55,41,14,AL,5
46,102270,972,463,509,2,1,1,5,5,0,827,386,441,2,1,1,2,1,1,44,25,19,0,0,0,86,42,44,4,2,2,AL,5
47,102298,1333,638,695,3,2,1,0,0,0,1172,556,616,49,32,17,2,1,1,39,10,29,30,12,18,4,1,3,34,24,10,AL,5
48,102313,2630,1102,1528,11,5,6,29,16,13,1906,702,1204,70,29,41,4,3,1,602,340,262,6,6,0,2,1,1,0,0,0,AL,5
49,102368,15838,6004,9834,55,22,33,138,70,68,4998,1585,3413,650,265,385,22,14,8,8079,3179,4900,561,225,336,609,292,317,726,352,374,AL,5
50,102377,2658,959,1699,9,1,8,28,25,3,2335,794,1541,34,16,18,13,4,9,10,7,3,48,25,23,181,87,94,0,0,0,AL,5
51,102395,235,184,51,0,0,0,5,4,1,39,29,10,25,24,1,0,0,0,140,109,31,14,11,3,9,4,5,3,3,0,AL,5
52,102429,5122,2044,3078,12,6,6,31,12,19,781,254,527,117,41,76,1,0,1,4050,1675,2375,75,30,45,55,26,29,0,0,0,AL,5
53,102553,19632,7413,12219,1031,336,695,1028,383,645,509,196,313,1400,531,869,431,161,270,10857,4102,6755,1757,642,1115,2331,934,1397,288,128,160,AK,8
54,102580,49,30,19,2,2,0,2,0,2,1,1,0,1,0,1,0,0,0,39,24,15,4,3,1,0,0,0,0,0,0,AK,8
55,102614,10220,3772,6448,1674,454,1220,194,70,124,356,106,250,771,274,497,77,27,50,4732,1882,2850,847,272,575,1423,613,810,146,74,72,AK,8
56,102632,3391,1233,2158,470,149,321,87,23,64,34,14,20,208,80,128,63,19,44,1827,683,1144,355,120,235,324,139,185,23,6,17,AK,8
57,102669,402,116,286,91,13,78,10,2,8,14,6,8,32,9,23,6,1,5,148,47,101,48,22,26,53,16,37,0,0,0,AK,8
58,102845,3765,931,2834,298,31,267,19,6,13,203,63,140,780,195,585,197,59,138,1266,331,935,567,146,421,434,99,335,1,1,0,WA,8
59,103893,1228,170,1058,58,6,52,36,10,26,120,13,107,632,79,553,7,1,6,303,47,256,39,8,31,24,5,19,9,1,8,AZ,6
60,104090,2168,312,1856,159,8,151,100,24,76,393,45,348,313,39,274,8,0,8,860,144,716,69,11,58,265,41,224,1,0,1,AZ,6
61,104151,69024,35402,33622,904,349,555,5274,2841,2433,3065,1486,1579,17420,7858,9562,152,78,74,32755,17089,15666,3180,1504,1676,888,482,406,5386,3715,1671,AZ,6
62,104160,11646,5048,6598,154,61,93,148,65,83,304,216,88,8064,3280,4784,35,18,17,2025,979,1046,191,85,106,496,246,250,229,98,131,AZ,6
63,104179,38556,17983,20573,471,149,322,1968,946,1022,1518,689,829,10291,4360,5931,89,39,50,18633,8608,10025,1844,797,1047,1318,703,615,2424,1692,732,AZ,6
64,104188,108,50,58,5,3,2,2,2,0,4,3,1,53,26,27,0,0,0,40,13,27,1,1,0,3,2,1,0,0,0,AZ,6
65,104346,8093,3386,4707,349,126,223,140,59,81,535,240,295,2917,1144,1773,27,11,16,3202,1447,1755,309,109,200,527,214,313,87,36,51,AZ,6
66,104425,9320,5705,3615,62,41,21,233,150,83,696,476,220,3036,1572,1464,45,26,19,4630,3061,1569,445,263,182,122,88,34,51,28,23,AZ,6
67,104577,7972,3542,4430,419,169,250,60,20,40,196,153,43,1655,826,829,34,16,18,5187,2187,3000,141,54,87,238,96,142,42,21,21,AZ,6
68,104586,3056,2265,791,14,12,2,169,140,29,43,31,12,412,266,146,17,11,6,1874,1397,477,189,133,56,89,67,22,249,208,41,AZ,6
69,104708,25913,11489,14424,351,135,216,1157,499,658,1613,713,900,9968,4217,5751,56,27,29,10668,4935,5733,1039,456,583,884,424,460,177,83,94,AZ,6
70,104717,89788,25457,64331,838,226,612,2873,734,2139,16215,3878,12337,18759,5451,13308,552,171,381,40924,11847,29077,3533,1138,2395,5154,1630,3524,940,382,558,AZ,6
71,105145,7776,3123,4653,278,137,141,280,102,178,827,324,503,3644,1510,2134,23,7,16,2261,853,1408,250,82,168,194,100,94,19,8,11,AZ,6
72,105154,30236,13769,16467,996,386,610,1265,505,760,1730,771,959,9164,3952,5212,84,35,49,14190,6690,7500,1341,612,729,961,494,467,505,324,181,AZ,6
73,105206,5682,1901,3781,91,26,65,102,34,68,68,20,48,1402,452,950,21,9,12,3695,1261,2434,214,71,143,55,16,39,34,12,22,AZ,6
74,105297,1820,568,1252,1788,550,1238,3,3,0,1,1,0,4,2,2,0,0,0,10,6,4,1,1,0,6,1,5,7,4,3,AZ,6
75,105330,29070,11158,17912,806,254,552,615,221,394,971,396,575,7263,2496,4767,85,44,41,15652,5957,9695,1615,627,988,891,490,401,1172,673,499,AZ,6
76,105349,5106,1818,3288,1292,389,903,82,26,56,67,18,49,666,279,387,21,10,11,2548,942,1606,86,33,53,342,119,223,2,2,0,AZ,6
77,105367,576,151,425,16,4,12,10,3,7,61,21,40,163,38,125,2,0,2,298,80,218,3,0,3,23,5,18,0,0,0,AZ,6
78,105428,16807,5983,10824,429,121,308,546,199,347,1451,592,859,8845,2993,5852,25,8,17,4178,1539,2639,541,199,342,611,228,383,181,104,77,AZ,6
79,105525,36384,15744,20640,766,269,497,1087,417,670,1740,795,945,16326,6703,9623,165,80,85,13429,5939,7490,580,227,353,1950,1103,847,341,211,130,AZ,6
80,105589,639,213,426,11,1,10,6,0,6,13,8,5,33,7,26,3,1,2,385,125,260,41,14,27,144,56,88,3,1,2,AZ,6
81,105668,42086,16757,25329,690,243,447,1579,583,996,2967,1173,1794,11321,4359,6962,113,41,72,21254,8599,12655,1819,683,1136,1829,760,1069,514,316,198,AZ,6
82,105747,13271,5807,7464,584,208,376,469,185,284,501,251,250,2805,1175,1630,29,12,17,7652,3423,4229,583,243,340,524,256,268,124,54,70,AZ,6
83,105792,6022,2440,3582,204,72,132,174,84,90,901,349,552,3373,1299,2074,11,3,8,955,461,494,184,71,113,189,76,113,31,25,6,AZ,6
84,105899,986,613,373,8,6,2,15,7,8,138,105,33,232,139,93,2,1,1,458,262,196,52,32,20,45,33,12,36,28,8,AZ,6
85,106148,10086,4211,5875,176,54,122,102,41,61,84,45,39,1776,760,1016,24,10,14,6084,2543,3541,268,116,152,1558,633,925,14,9,5,AZ,6
86,106245,8803,3174,5629,38,8,30,194,84,110,2167,568,1599,337,137,200,0,0,0,4706,1830,2876,1065,419,646,34,17,17,262,111,151,AR,5
87,106263,703,116,587,4,0,4,21,5,16,75,15,60,53,9,44,3,0,3,483,71,412,17,5,12,40,9,31,7,2,5,AR,5
88,106306,747,573,174,3,3,0,2,2,0,470,361,109,28,17,11,6,3,3,97,74,23,141,113,28,0,0,0,0,0,0,AR,5
89,106342,708,399,309,18,9,9,32,13,19,63,49,14,41,26,15,0,0,0,372,189,183,0,0,0,173,106,67,9,7,2,AR,5
90,106397,24838,11481,13357,231,101,130,646,304,342,1051,494,557,2360,1055,1305,23,6,17,18486,8529,9957,1078,477,601,190,84,106,773,431,342,AR,5
91,106412,2561,1051,1510,11,6,5,12,5,7,2298,932,1366,60,24,36,2,1,1,81,38,43,57,24,33,7,3,4,33,18,15,AR,5
92,106449,4427,1746,2681,28,11,17,66,32,34,299,110,189,219,87,132,10,6,4,3602,1410,2192,105,47,58,83,34,49,15,9,6,AR,5
93,106458,10627,4168,6459,43,13,30,96,32,64,1481,479,1002,396,161,235,8,7,1,7738,3024,4714,241,93,148,96,34,62,528,325,203,AR,5
94,106467,12229,5441,6788,78,32,46,189,87,102,807,382,425,1089,483,606,9,5,4,9165,4012,5153,536,239,297,1,1,0,355,200,155,AR,5
95,106485,2969,1248,1721,14,11,3,9,6,3,835,334,501,205,89,116,4,3,1,1775,750,1025,102,45,57,5,3,2,20,7,13,AR,5
96,106546,848,100,748,1,1,0,10,3,7,235,24,211,34,2,32,1,0,1,547,69,478,12,1,11,7,0,7,1,0,1,AR,5
97,106625,2084,707,1377,4,2,2,8,1,7,55,15,40,57,21,36,9,4,5,1909,645,1264,27,10,17,15,9,6,0,0,0,AR,5
98,106704,10179,4122,6057,54,19,35,232,98,134,1580,591,989,568,226,342,6,4,2,6754,2746,4008,417,160,257,57,23,34,511,255,256,AR,5
99,106713,731,389,342,14,11,3,8,6,2,109,66,43,40,27,13,1,0,1,508,246,262,20,14,6,13,7,6,18,12,6,AR,5
100,106795,1955,725,1230,17,5,12,7,5,2,228,61,167,547,254,293,3,1,2,1069,365,704,72,26,46,3,2,1,9,6,3,AR,5
101,106810,199,109,90,0,0,0,2,1,1,22,16,6,3,2,1,0,0,0,169,88,81,0,0,0,3,2,1,0,0,0,AR,5
102,106883,1893,705,1188,6,5,1,11,5,6,813,285,528,31,12,19,1,0,1,988,375,613,29,13,16,0,0,0,14,10,4,AR,5
103,106980,3046,1235,1811,43,18,25,49,20,29,363,139,224,249,102,147,0,0,0,2271,921,1350,37,19,18,34,16,18,0,0,0,AR,5
104,106999,1865,609,1256,11,2,9,20,9,11,45,15,30,123,44,79,1,0,1,1531,488,1043,114,41,73,0,0,0,20,10,10,AR,5
105,107044,3938,1784,2154,10,3,7,36,12,24,186,102,84,154,70,84,7,7,0,3183,1400,1783,128,60,68,5,1,4,229,129,100,AR,5
106,107071,3809,1604,2205,11,7,4,58,21,37,670,292,378,209,86,123,24,4,20,2520,1061,1459,206,85,121,77,26,51,34,22,12,AR,5
107,107080,1122,537,585,2,2,0,37,14,23,79,37,42,73,29,44,0,0,0,677,329,348,38,15,23,195,105,90,21,6,15,AR,5
108,107123,89,7,82,0,0,0,1,0,1,19,1,18,3,0,3,0,0,0,66,6,60,0,0,0,0,0,0,0,0,0,AR,5
109,107141,2066,840,1226,25,8,17,38,10,28,45,21,24,139,53,86,2,0,2,1524,600,924,104,48,56,84,43,41,105,57,48,AR,5
110,107318,1705,648,1057,13,4,9,23,13,10,943,284,659,65,34,31,0,0,0,592,282,310,56,24,32,1,1,0,12,6,6,AR,5
111,107327,1967,759,1208,3,2,1,15,9,6,548,182,366,96,48,48,0,0,0,1283,509,774,21,9,12,1,0,1,0,0,0,AR,5
112,107460,2107,840,1267,7,2,5,19,6,13,25,11,14,172,72,100,5,2,3,1769,705,1064,92,35,57,12,3,9,6,4,2,AR,5
113,107512,1717,747,970,7,4,3,15,4,11,121,79,42,97,49,48,1,0,1,1391,570,821,43,17,26,0,0,0,42,24,18,AR,5
114,107521,1512,615,897,8,3,5,6,4,2,294,59,235,92,54,38,1,0,1,1044,468,576,63,24,39,4,3,1,0,0,0,AR,5
115,107549,1382,381,1001,11,4,7,6,1,5,20,4,16,21,7,14,2,1,1,1322,364,958,0,0,0,0,0,0,0,0,0,AR,5
116,107558,861,427,434,7,4,3,7,0,7,59,36,23,92,41,51,1,1,0,379,204,175,31,16,15,51,18,33,234,107,127,AR,5
117,107585,2343,814,1529,5,1,4,19,10,9,227,71,156,206,78,128,0,0,0,1703,586,1117,130,49,81,11,3,8,42,16,26,AR,5
118,107600,1121,417,704,1,0,1,1,0,1,1037,388,649,11,4,7,3,1,2,5,0,5,19,6,13,8,1,7,36,17,19,AR,5
119,107619,1884,748,1136,8,5,3,9,3,6,892,353,539,52,23,29,0,0,0,880,349,531,35,13,22,8,2,6,0,0,0,AR,5
120,107637,2488,784,1704,3,2,1,21,6,15,1476,408,1068,462,141,321,4,3,1,499,217,282,23,7,16,0,0,0,0,0,0,AR,5
121,107664,7847,2772,5075,37,19,18,120,54,66,3190,884,2306,252,95,157,16,4,12,3570,1466,2104,281,88,193,316,137,179,65,25,40,AR,5
122,107725,1819,559,1260,7,4,3,9,4,5,596,117,479,149,59,90,4,3,1,1023,361,662,18,7,11,13,4,9,0,0,0,AR,5
123,107743,1081,363,718,17,6,11,15,5,10,8,4,4,81,33,48,3,0,3,885,275,610,23,7,16,14,7,7,35,26,9,AR,5
124,107840,333,102,231,1,0,1,0,0,0,308,98,210,7,3,4,0,0,0,14,1,13,3,0,3,0,0,0,0,0,0,AR,5
125,107877,547,290,257,4,2,2,1,1,0,70,51,19,17,7,10,0,0,0,395,184,211,16,6,10,8,6,2,36,33,3,AR,5
126,107974,2287,686,1601,8,3,5,16,9,7,782,166,616,130,50,80,39,39,0,1231,389,842,52,17,35,9,4,5,20,9,11,AR,5
127,107983,3911,1697,2214,18,10,8,24,15,9,916,381,535,172,79,93,3,2,1,2606,1119,1487,78,34,44,1,0,1,93,57,36,AR,5
128,107992,1725,909,816,7,6,1,7,2,5,566,213,353,76,48,28,0,0,0,941,573,368,117,61,56,3,3,0,8,3,5,AR,5
129,108092,6938,2949,3989,138,60,78,374,187,187,257,81,176,952,401,551,8,1,7,4476,1898,2578,656,286,370,0,0,0,77,35,42,AR,5
130,108232,8836,3838,4998,42,15,27,423,199,224,621,321,300,970,424,546,44,18,26,1385,542,843,260,107,153,3155,1395,1760,1936,817,1119,CA,8
131,108667,9993,4172,5821,13,1,12,2655,1112,1543,1687,619,1068,2671,1104,1567,50,32,18,1444,646,798,577,242,335,445,176,269,451,240,211,CA,8
132,108807,16689,7745,8944,60,36,24,610,285,325,317,188,129,10293,4476,5817,62,41,21,3762,1916,1846,535,242,293,1025,549,476,25,12,13,CA,8
133,108852,285,103,182,2,2,0,3,2,1,29,16,13,36,13,23,1,0,1,104,45,59,19,7,12,0,0,0,91,18,73,CA,8
134,109208,45034,23589,21445,228,109,119,5726,2770,2956,3312,1463,1849,12665,7075,5590,388,209,179,16860,8345,8515,2446,1064,1382,3273,2498,775,136,56,80,CA,8
135,109350,18528,7903,10625,70,36,34,674,330,344,2846,1099,1747,10489,4530,5959,31,13,18,2859,1265,1594,825,330,495,717,289,428,17,11,6,CA,8
136,109651,2754,1215,1539,4,0,4,921,355,566,35,20,15,274,136,138,11,6,5,342,168,174,94,46,48,6,2,4,1067,482,585,CA,8
137,109785,5497,1863,3634,22,7,15,570,192,378,361,140,221,1921,596,1325,56,19,37,1891,638,1253,347,126,221,152,58,94,177,87,90,CA,8
138,109819,37642,16788,20854,136,64,72,1648,801,847,1725,878,847,25765,10830,14935,38,21,17,6276,3072,3204,1156,498,658,823,591,232,75,33,42,CA,8
139,109907,4545,1626,2919,23,8,15,142,57,85,709,252,457,1972,681,1291,55,23,32,1145,411,734,294,102,192,190,79,111,15,13,2,CA,8
140,110060,310,219,91,0,0,0,50,18,32,33,23,10,39,34,5,0,0,0,19,17,2,6,3,3,0,0,0,163,124,39,CA,8
141,110097,4294,1583,2711,11,5,6,640,270,370,124,41,83,896,301,595,34,7,27,1916,712,1204,269,85,184,185,68,117,219,94,125,CA,8
142,110219,2101,727,1374,17,6,11,15,8,7,441,161,280,141,53,88,7,5,2,870,271,599,164,55,109,446,168,278,0,0,0,AZ,6
143,110246,12816,5758,7058,150,58,92,752,323,429,287,161,126,3901,1735,2166,39,17,22,6452,2888,3564,756,326,430,355,167,188,124,83,41,CA,8
144,110316,121,29,92,0,0,0,5,3,2,14,1,13,23,6,17,1,0,1,66,17,49,8,2,6,3,0,3,1,0,1,CA,8
145,110334,16023,7670,8353,45,19,26,521,240,281,192,125,67,7052,3070,3982,28,13,15,6878,3526,3352,833,401,432,365,198,167,109,78,31,CA,8
146,110361,9337,3474,5863,54,16,38,552,243,309,635,226,409,3427,1134,2293,84,40,44,3495,1359,2136,495,191,304,398,145,253,197,120,77,CA,8
147,110370,1555,566,989,15,4,11,223,74,149,66,22,44,205,87,118,9,5,4,296,107,189,25,12,13,50,24,26,666,231,435,CA,8
148,110404,967,530,437,0,0,0,356,154,202,17,12,5,168,133,35,1,1,0,259,142,117,86,47,39,0,0,0,80,41,39,CA,8
149,110413,3363,1479,1884,6,4,2,174,64,110,125,80,45,1252,492,760,16,13,3,1345,599,746,245,122,123,92,42,50,108,63,45,CA,8
150,110422,21736,11148,10588,30,15,15,2891,1488,1403,180,110,70,3791,1947,1844,46,28,18,11724,5965,5759,1652,813,839,909,494,415,513,288,225,CA,8
151,110468,1191,534,657,4,1,3,78,33,45,60,22,38,393,179,214,8,4,4,299,120,179,26,10,16,263,122,141,60,43,17,CA,8
152,110486,11027,4157,6870,48,17,31,668,315,353,515,183,332,6389,2212,4177,19,9,10,1618,674,944,245,98,147,1034,410,624,491,239,252,CA,8
153,110495,10762,3724,7038,25,11,14,1006,409,597,249,79,170,5984,1932,4052,45,23,22,2133,782,1351,367,143,224,516,203,313,437,142,295,CA,8
154,110510,19454,7693,11761,37,17,20,982,510,472,931,336,595,12753,4679,8074,26,10,16,2138,939,1199,425,163,262,790,334,456,1372,705,667,CA,8
155,110529,27785,14671,13114,43,27,16,5934,3451,2483,936,463,473,13102,6321,6781,56,33,23,4144,2415,1729,999,550,449,891,518,373,1680,893,787,CA,8
156,110538,17604,8189,9415,88,46,42,995,486,509,487,230,257,5958,2557,3401,49,30,19,7608,3661,3947,934,421,513,948,442,506,537,316,221,CA,8
157,110547,16449,6146,10303,16,4,12,1239,636,603,1753,561,1192,10735,3807,6928,40,15,25,936,453,483,423,175,248,502,200,302,805,295,510,CA,8
158,110556,23528,9656,13872,97,33,64,2987,1325,1662,613,286,327,12675,4829,7846,43,24,19,4225,1838,2387,602,244,358,969,428,541,1317,649,668,CA,8
159,110565,40436,17445,22991,45,16,29,8329,4032,4297,795,333,462,18393,7133,11260,73,25,48,7415,3415,4000,1602,669,933,1265,583,682,2519,1239,1280,CA,8
160,110574,15329,6069,9260,15,6,9,3396,1603,1793,1514,489,1025,5530,1913,3617,152,60,92,2340,983,1357,776,328,448,753,318,435,853,369,484,CA,8
161,110583,35933,15654,20279,39,15,24,7431,3568,3863,1363,526,837,15856,6386,9470,95,52,43,6022,2777,3245,1642,709,933,977,480,497,2508,1141,1367,CA,8
162,110592,24240,10160,14080,20,7,13,3012,1582,1430,777,304,473,16788,6676,10112,25,9,16,1140,508,632,336,147,189,520,244,276,1622,683,939,CA,8
163,110608,36736,16645,20091,34,13,21,3510,1939,1571,1754,722,1032,18697,7746,10951,36,17,19,7452,3612,3840,1103,541,562,1391,679,712,2759,1376,1383,CA,8
164,110617,32212,14388,17824,70,34,36,6152,3069,3083,1940,863,1077,10910,4394,6516,271,131,140,8284,3759,4525,1961,897,1064,1445,686,759,1179,555,624,CA,8
165,110635,33208,15350,17858,36,13,23,11682,5615,6067,667,263,404,5434,2089,3345,56,23,33,7928,3707,4221,1940,834,1106,1221,602,619,4244,2204,2040,CA,8
166,110644,33181,13168,20013,47,16,31,9215,3666,5549,722,256,466,7687,2452,5235,130,59,71,7566,2994,4572,1818,697,1121,432,159,273,5564,2869,2695,CA,8
167,110653,32111,15337,16774,21,13,8,11489,5599,5890,648,263,385,8235,3215,5020,80,40,40,4297,2213,2084,1418,689,729,376,186,190,5547,3119,2428,CA,8
168,110662,33641,14080,19561,75,29,46,9318,4078,5240,1180,379,801,7572,2658,4914,85,37,48,8811,3843,4968,1980,767,1213,856,430,426,3764,1859,1905,CA,8
169,110671,23848,11012,12836,34,16,18,8019,4111,3908,893,325,568,9746,3794,5952,90,44,46,2728,1481,1247,939,455,484,457,223,234,942,563,379,CA,8
170,110680,32252,16134,16118,27,13,14,10598,5434,5164,540,222,318,7031,3056,3975,86,44,42,6223,3269,2954,1558,739,819,464,251,213,5725,3106,2619,CA,8
171,110705,25004,11460,13544,34,13,21,4317,2091,2226,509,181,328,6282,2582,3700,32,15,17,7481,3432,4049,2090,911,1179,605,312,293,3654,1923,1731,CA,8
172,110714,18761,9759,9002,17,9,8,4093,2339,1754,342,154,188,4975,2146,2829,20,5,15,5800,3033,2767,1520,779,741,306,176,130,1688,1118,570,CA,8
173,110778,13,3,10,0,0,0,0,0,0,1,0,1,2,1,1,0,0,0,4,1,3,3,1,2,3,0,3,0,0,0,CA,8
174,110918,13,7,6,0,0,0,2,2,0,3,1,2,6,3,3,0,0,0,2,1,1,0,0,0,0,0,0,0,0,0,CA,8
175,111045,18,7,11,0,0,0,1,1,0,6,3,3,1,1,0,0,0,0,0,0,0,0,0,0,0,0,0,10,2,8,CA,8
176,111081,1051,466,585,4,1,3,110,35,75,42,21,21,141,84,57,2,0,2,421,207,214,61,21,40,44,20,24,226,77,149,CA,8
177,111188,984,820,164,6,4,2,102,85,17,29,20,9,211,159,52,18,13,5,448,394,54,105,86,19,57,51,6,8,8,0,CA,8
178,111434,9575,3724,5851,16,4,12,1594,635,959,252,92,160,3910,1432,2478,134,35,99,2111,808,1303,405,177,228,654,253,401,499,288,211,CA,8
179,111461,32974,18485,14489,137,86,51,3648,2009,1639,1896,1113,783,15528,8237,7291,101,61,40,9736,5721,4015,544,256,288,1162,856,306,222,146,76,CA,8
180,111638,363,129,234,1,1,0,45,17,28,21,11,10,131,40,91,2,2,0,158,57,101,3,1,2,0,0,0,2,0,2,CA,8
181,111887,29631,13876,15755,72,37,35,2520,1234,1286,2007,859,1148,20274,9296,10978,109,59,50,2463,1358,1105,727,341,386,1305,607,698,154,85,69,CA,8
182,111896,9606,4050,5556,147,55,92,418,167,251,647,380,267,4068,1610,2458,34,19,15,3626,1547,2079,469,148,321,191,122,69,6,2,4,CA,8
183,111920,19951,9227,10724,45,26,19,5041,2306,2735,2011,881,1130,7864,3492,4372,294,136,158,2779,1419,1360,1297,599,698,512,324,188,108,44,64,CA,8
184,111939,30023,11985,18038,61,19,42,1971,889,1082,2287,900,1387,19744,7618,12126,77,38,39,3824,1601,2223,818,366,452,1056,453,603,185,101,84,CA,8
185,111948,7988,3161,4827,11,3,8,1123,394,729,128,44,84,1271,518,753,25,9,16,4012,1618,2394,613,218,395,496,223,273,309,134,175,CA,8
186,111966,247,77,170,0,0,0,26,11,15,92,27,65,72,22,50,0,0,0,10,2,8,12,4,8,30,9,21,5,2,3,CA,8
187,112075,1917,745,1172,8,4,4,193,64,129,75,38,37,461,167,294,7,1,6,890,339,551,132,51,81,55,17,38,96,64,32,CA,8
188,112084,588,280,308,5,3,2,17,9,8,55,31,24,194,77,117,6,2,4,242,121,121,29,17,12,23,8,15,17,12,5,CA,8
189,112172,18592,8171,10421,45,17,28,1618,736,882,696,337,359,11899,5034,6865,35,15,20,2711,1256,1455,567,252,315,457,198,259,564,326,238,CA,8
190,112190,35153,16327,18826,78,38,40,11835,5180,6655,2454,1145,1309,9111,4269,4842,266,123,143,7185,3643,3542,1733,788,945,1739,849,890,752,292,460,CA,8
191,112260,1358,684,674,1,1,0,157,68,89,59,26,33,207,93,114,2,2,0,557,304,253,89,51,38,69,34,35,217,105,112,CA,8
192,112385,19108,10196,8912,108,74,34,4033,1705,2328,1672,1255,417,5996,3336,2660,87,59,28,5464,2914,2550,861,418,443,593,309,284,294,126,168,CA,8
193,112394,734,513,221,9,7,2,153,104,49,60,36,24,172,124,48,2,1,1,196,145,51,44,27,17,81,55,26,17,14,3,CA,8
194,112561,3601,1624,1977,65,24,41,63,34,29,123,109,14,728,350,378,21,10,11,2451,1024,1427,16,14,2,134,59,75,0,0,0,CA,8
195,112570,1045,647,398,12,6,6,42,31,11,202,129,73,251,153,98,3,2,1,373,231,142,81,50,31,45,25,20,36,20,16,CA,8
196,112686,8600,3026,5574,16,9,7,423,187,236,1885,576,1309,5382,1946,3436,58,22,36,168,74,94,179,54,125,489,158,331,0,0,0,CA,8
197,112826,11141,4317,6824,15,8,7,2048,878,1170,1701,596,1105,5082,1906,3176,60,29,31,1227,473,754,648,248,400,259,118,141,101,61,40,CA,8
198,113096,21511,9201,12310,94,31,63,6059,2846,3213,2173,800,1373,5824,2435,3389,276,114,162,4908,2064,2844,1472,611,861,594,257,337,111,43,68,CA,8
199,113111,9346,4148,5198,28,10,18,648,302,346,380,151,229,4643,1944,2699,20,13,7,2956,1409,1547,489,229,260,171,83,88,11,7,4,CA,8
200,113193,15810,7753,8057,90,52,38,554,268,286,426,303,123,5321,2538,2783,35,19,16,7687,3637,4050,760,367,393,895,538,357,42,31,11,CA,8
201,113218,13648,5843,7805,72,32,40,830,378,452,762,339,423,4725,2004,2721,47,21,26,5748,2399,3349,817,349,468,574,274,300,73,47,26,CA,8
202,113236,21262,9211,12051,44,21,23,5192,2523,2669,897,421,476,9892,3886,6006,81,24,57,3111,1407,1704,776,342,434,1048,479,569,221,108,113,CA,8
203,113333,28029,13740,14289,40,17,23,11022,5241,5781,816,425,391,7157,3335,3822,128,62,66,5027,2615,2412,1276,674,602,371,174,197,2192,1197,995,CA,8
204,113573,15367,6877,8490,59,31,28,486,212,274,410,207,203,11125,4792,6333,16,9,7,2495,1243,1252,418,200,218,221,120,101,137,63,74,CA,8
205,113582,173,15,158,2,1,1,14,2,12,14,1,13,42,2,40,2,0,2,84,8,76,4,0,4,0,0,0,11,1,10,CA,8
206,113634,29307,13893,15414,45,23,22,5616,2695,2921,1661,736,925,7671,3355,4316,102,59,43,9550,4672,4878,2509,1175,1334,1058,544,514,1095,634,461,CA,8
207,113698,1539,480,1059,4,2,2,413,107,306,73,36,37,381,93,288,7,2,5,438,153,285,86,30,56,111,45,66,26,12,14,CA,8
208,113856,56136,27844,28292,104,60,44,4963,2371,2592,2789,1473,1316,37244,16423,20821,94,79,15,3962,2833,1129,389,183,206,5995,4117,1878,596,305,291,CA,8
209,113980,33146,15776,17370,54,27,27,3395,1703,1692,4494,1872,2622,14533,6678,7855,136,56,80,3313,1771,1542,1182,566,616,5443,2779,2664,596,324,272,CA,8
210,114266,15127,6887,8240,47,20,27,6175,2863,3312,328,146,182,6143,2680,3463,53,21,32,1024,499,525,353,175,178,872,421,451,132,62,70,CA,8
211,114354,2586,437,2149,21,3,18,271,53,218,194,48,146,552,86,466,24,9,15,794,120,674,26,4,22,175,34,141,529,80,449,CA,8
212,114390,206,32,174,3,0,3,44,7,37,9,3,6,49,9,40,6,1,5,66,11,55,0,0,0,14,1,13,15,0,15,CA,8
213,114433,3250,1632,1618,64,24,40,158,85,73,318,232,86,988,438,550,37,26,11,1422,687,735,3,2,1,251,130,121,9,8,1,CA,8
214,114716,29967,14707,15260,58,33,25,8482,3812,4670,931,464,467,7414,3675,3739,205,98,107,9235,4760,4475,1651,795,856,711,365,346,1280,705,575,CA,8
215,114789,38179,17468,20711,194,68,126,4485,2020,2465,1864,835,1029,22704,9859,12845,75,38,37,7377,3981,3396,1124,487,637,346,175,171,10,5,5,CA,8
216,114813,3493,927,2566,40,13,27,145,46,99,198,70,128,1964,425,1539,6,2,4,905,300,605,15,4,11,172,45,127,48,22,26,CA,8
217,114859,30951,14466,16485,67,31,36,4515,2227,2288,1003,527,476,16745,7458,9287,79,38,41,5205,2564,2641,952,469,483,2081,976,1105,304,176,128,CA,8
218,114938,8017,3969,4048,17,11,6,648,385,263,146,95,51,4561,1984,2577,38,23,15,1964,1108,856,308,168,140,326,190,136,9,5,4,CA,8
219,115001,18781,8424,10357,13,6,7,1507,685,822,464,230,234,5593,2568,3025,15,5,10,9111,3912,5199,513,229,284,894,442,452,671,347,324,CA,8
220,115010,902,226,676,3,0,3,139,43,96,29,8,21,460,106,354,5,2,3,179,42,137,80,24,56,5,0,5,2,1,1,CA,8
221,115083,843,543,300,11,9,2,117,68,49,119,76,43,197,131,66,22,12,10,240,170,70,8,5,3,106,66,40,23,6,17,CA,8
222,115126,18515,8047,10468,48,23,25,5327,2329,2998,380,215,165,6204,2540,3664,94,48,46,4735,2105,2630,873,386,487,443,222,221,411,179,232,CA,8
223,115296,23927,9802,14125,89,39,50,1916,818,1098,1488,650,838,8696,3269,5427,109,54,55,8428,3466,4962,1540,636,904,1084,519,565,577,351,226,CA,8
224,115393,17951,9592,8359,61,36,25,884,529,355,461,330,131,11328,5187,6141,65,44,21,3890,2706,1184,281,123,158,976,634,342,5,3,2,CA,8
225,115409,1132,577,555,2,0,2,233,98,135,41,26,15,203,139,64,5,5,0,344,159,185,111,58,53,94,43,51,99,49,50,CA,8
226,115728,783,294,489,3,1,2,83,26,57,133,38,95,287,93,194,7,1,6,114,51,63,38,15,23,94,54,40,24,15,9,CA,8
227,115755,7141,3049,4092,83,31,52,206,91,115,239,103,136,2446,951,1495,24,14,10,3124,1428,1696,475,194,281,447,192,255,97,45,52,CA,8
228,115773,424,127,297,1,0,1,35,5,30,34,9,25,127,18,109,12,4,8,77,15,62,6,1,5,45,8,37,87,67,20,CA,8
229,115861,10815,4790,6025,16,9,7,78,30,48,176,138,38,9784,4220,5564,3,3,0,443,210,233,56,26,30,256,154,102,3,0,3,CA,8
230,115931,899,667,232,2,2,0,105,83,22,30,20,10,579,427,152,3,3,0,104,79,25,12,9,3,64,44,20,0,0,0,CA,8
231,116226,225,6,219,1,0,1,31,0,31,5,0,5,29,1,28,1,0,1,138,5,133,15,0,15,0,0,0,5,0,5,CA,8
232,116439,18862,9162,9700,22,8,14,5354,2560,2794,359,173,186,4325,2016,2309,52,26,26,5696,2806,2890,941,474,467,1045,491,554,1068,608,460,CA,8
233,116846,49,11,38,0,0,0,0,0,0,0,0,0,0,0,0,0,0,0,29,7,22,0,0,0,20,4,16,0,0,0,CA,8
234,117052,19189,7617,11572,95,35,60,1166,474,692,391,180,211,13789,5396,8393,28,11,17,3082,1272,1810,446,167,279,189,81,108,3,1,2,CA,8
235,117104,515,237,278,5,1,4,13,3,10,20,14,6,210,88,122,4,3,1,199,93,106,29,16,13,33,18,15,2,1,1,CA,8
236,117140,5349,2259,3090,19,8,11,253,117,136,308,128,180,2893,1077,1816,32,20,12,1107,514,593,217,87,130,313,152,161,207,156,51,CA,8
237,117168,824,230,594,6,2,4,135,37,98,21,4,17,173,51,122,4,3,1,398,108,290,44,9,35,6,3,3,37,13,24,CA,8
238,117195,6667,3576,3091,56,36,20,507,242,265,344,248,96,1629,877,752,38,26,12,3290,1723,1567,300,133,167,463,271,192,40,20,20,CA,8
239,117247,16892,7547,9345,38,21,17,4241,1738,2503,3290,1380,1910,4353,1998,2355,100,59,41,2506,1263,1243,887,403,484,845,373,472,632,312,320,CA,8
240,117274,4265,3561,704,86,52,34,175,156,19,739,708,31,1406,1261,145,24,18,6,1505,1099,406,189,154,35,123,97,26,18,16,2,CA,8
241,117557,122,57,65,0,0,0,16,4,12,10,2,8,4,1,3,1,1,0,12,1,11,9,1,8,0,0,0,70,47,23,CA,8
242,117575,56,37,19,0,0,0,2,1,1,8,4,4,11,9,2,1,0,1,30,21,9,3,1,2,0,0,0,1,1,0,CA,8
243,117627,1928,783,1145,6,2,4,340,164,176,126,52,74,891,311,580,17,7,10,253,106,147,68,31,37,6,3,3,221,107,114,CA,8
244,117636,1811,459,1352,4,0,4,523,165,358,86,24,62,615,130,485,4,2,2,443,103,340,75,18,57,0,0,0,61,17,44,CA,8
245,117645,33640,14326,19314,69,34,35,3426,1531,1895,3823,1490,2333,19515,8104,11411,203,81,122,4627,2184,2443,1731,771,960,89,41,48,157,90,67,CA,8
246,117672,1810,525,1285,12,2,10,415,148,267,174,51,123,539,151,388,20,9,11,514,131,383,95,22,73,41,11,30,0,0,0,CA,8
247,117690,13273,5088,8185,26,3,23,1405,583,822,1497,570,927,7575,2774,4801,92,31,61,1553,635,918,467,198,269,569,243,326,89,51,38,CA,8
248,117706,28007,12253,15754,34,17,17,2522,1206,1316,1377,604,773,13439,5558,7881,45,22,23,7841,3540,4301,1024,451,573,1465,715,750,260,140,120,CA,8
249,117715,10791,3418,7373,10,2,8,288,109,179,4012,1224,2788,5173,1627,3546,27,6,21,491,176,315,314,90,224,444,172,272,32,12,20,CA,8
250,117724,21565,11461,10104,48,23,25,811,448,363,3239,1466,1773,14585,7885,6700,41,23,18,1308,837,471,478,234,244,931,483,448,124,62,62,CA,8
251,117733,26867,11089,15778,38,19,19,1884,820,1064,1373,612,761,13703,5551,8152,44,22,22,7643,3117,4526,752,302,450,1314,588,726,116,58,58,CA,8
252,117751,1377,711,666,4,2,2,43,29,14,44,28,16,109,54,55,5,3,2,918,463,455,129,67,62,104,53,51,21,12,9,CA,8
253,117788,25991,10510,15481,62,29,33,3103,1296,1807,2033,790,1243,14192,5609,8583,33,12,21,4339,1786,2553,670,276,394,1155,501,654,404,211,193,CA,8
254,117803,259,76,183,0,0,0,66,15,51,17,5,12,123,40,83,1,0,1,38,13,25,6,0,6,8,3,5,0,0,0,CA,8
255,117867,16724,6501,10223,28,11,17,781,341,440,598,217,381,12464,4719,7745,20,6,14,1815,698,1117,224,93,131,707,365,342,87,51,36,CA,8
256,117894,13193,5603,7590,28,14,14,1429,641,788,1813,721,1092,5618,2306,3312,97,36,61,2855,1294,1561,1043,427,616,270,138,132,40,26,14,CA,8
257,117946,7152,3257,3895,3,0,3,684,320,364,477,154,323,1611,718,893,13,7,6,3066,1399,1667,497,223,274,23,14,9,778,422,356,CA,8
258,118198,1260,265,995,6,2,4,123,33,90,144,27,117,355,62,293,11,1,10,547,125,422,65,11,54,9,4,5,0,0,0,CA,8
259,118347,7395,3116,4279,24,7,17,574,193,381,234,100,134,2209,898,1311,28,13,15,3558,1560,1998,418,192,226,272,129,143,78,24,54,CA,8
260,118541,640,321,319,2,0,2,35,19,16,47,21,26,274,113,161,3,2,1,137,72,65,36,17,19,17,10,7,89,67,22,CA,8
261,118684,6503,2405,4098,318,117,201,217,75,142,127,53,74,2491,951,1540,17,4,13,3043,1087,1956,69,24,45,214,92,122,7,2,5,CA,8
262,118693,935,517,418,3,2,1,68,32,36,68,32,36,251,131,120,35,17,18,193,120,73,63,30,33,27,15,12,227,138,89,CA,8
263,118718,15302,6102,9200,69,27,42,1261,556,705,461,190,271,8735,3310,5425,49,20,29,2670,1100,1570,402,164,238,1541,676,865,114,59,55,CA,8
264,118772,11371,4008,7363,32,6,26,1999,791,1208,2474,855,1619,3679,1195,2484,51,14,37,1681,611,1070,571,205,366,612,205,407,272,126,146,CA,8
265,118888,831,5,826,4,0,4,71,1,70,93,1,92,272,1,271,0,0,0,285,0,285,85,1,84,14,1,13,7,0,7,CA,8
266,118912,18710,7647,11063,86,38,48,1277,526,751,635,273,362,7107,2746,4361,117,53,64,7219,3057,4162,1274,534,740,789,314,475,206,106,100,CA,8
267,118930,11514,4986,6528,12,6,6,5083,2150,2933,380,166,214,3209,1335,1874,45,20,25,1725,811,914,569,284,285,264,114,150,227,100,127,CA,8
268,118976,25509,10050,15459,160,57,103,1649,741,908,893,400,493,13507,5270,8237,310,133,177,8508,3227,5281,20,8,12,427,197,230,35,17,18,CA,8
269,119058,10,3,7,0,0,0,0,0,0,0,0,0,1,0,1,0,0,0,6,2,4,2,1,1,0,0,0,1,0,1,CA,8
270,119067,11550,5177,6373,34,19,15,838,350,488,334,167,167,5072,2126,2946,95,48,47,3698,1800,1898,621,269,352,798,364,434,60,34,26,CA,8
271,119137,20631,9377,11254,42,20,22,1792,838,954,431,237,194,7474,3185,4289,35,19,16,8534,3967,4567,1055,486,569,1190,584,606,78,41,37,CA,8
272,119164,40068,18622,21446,56,32,24,7565,3875,3690,1541,758,783,25059,11023,14036,100,70,30,3817,1885,1932,1256,620,636,114,57,57,560,302,258,CA,8
273,119173,2498,180,2318,7,0,7,379,59,320,179,10,169,1467,80,1387,14,0,14,218,17,201,43,3,40,186,11,175,5,0,5,CA,8
274,119216,21606,8587,13019,109,36,73,1298,588,710,1405,585,820,10845,4040,6805,64,27,37,5377,2277,3100,1290,524,766,715,294,421,503,216,287,CA,8
275,119270,1516,1097,419,7,4,3,84,59,25,96,71,25,177,141,36,7,6,1,367,267,100,87,59,28,193,147,46,498,343,155,CA,8
276,119331,7382,3150,4232,24,8,16,951,433,518,397,153,244,3249,1335,1914,40,17,23,2073,916,1157,410,172,238,215,102,113,23,14,9,CA,8
277,119605,13304,6087,7217,65,26,39,1200,499,701,1199,584,615,3843,1631,2212,169,86,83,4369,2073,2296,810,368,442,1512,726,786,137,94,43,CA,8
278,119775,426,255,171,3,2,1,39,19,20,12,8,4,140,83,57,0,0,0,102,65,37,3,2,1,16,13,3,111,63,48,CA,8
279,120078,988,145,843,4,0,4,83,22,61,36,6,30,721,96,625,4,1,3,79,11,68,52,3,49,9,6,3,0,0,0,CA,8
280,120166,16,13,3,0,0,0,1,1,0,0,0,0,0,0,0,0,0,0,1,1,0,1,1,0,0,0,0,13,10,3,CA,8
281,120184,860,320,540,4,2,2,93,37,56,45,18,27,397,126,271,16,4,12,157,68,89,46,19,27,46,16,30,56,30,26,CA,8
282,120254,2103,892,1211,0,0,0,321,118,203,83,26,57,295,115,180,4,1,3,1030,460,570,185,84,101,36,21,15,149,67,82,CA,8
283,120290,14172,8213,5959,35,28,7,5242,2744,2498,345,191,154,3134,1605,1529,108,56,52,2603,1796,807,581,288,293,1792,1328,464,332,177,155,CA,8
284,120342,26285,13495,12790,56,26,30,5664,3036,2628,442,265,177,8969,4404,4565,98,58,40,7915,4102,3813,1167,540,627,493,272,221,1481,792,689,CA,8
285,120403,1291,404,887,2,1,1,261,86,175,56,25,31,193,57,136,6,1,5,276,88,188,71,17,54,49,13,36,377,116,261,CA,8
286,120421,11073,4809,6264,23,13,10,601,274,327,216,109,107,8031,3392,4639,32,18,14,1540,705,835,331,168,163,290,126,164,9,4,5,CA,8
287,120537,690,316,374,6,2,4,29,13,16,51,22,29,197,87,110,15,5,10,248,117,131,85,39,46,46,21,25,13,10,3,CA,8
288,120661,1217,273,944,4,1,3,59,14,45,52,15,37,361,62,299,9,1,8,70,11,59,3,0,3,659,169,490,0,0,0,CA,8
289,120698,101,27,74,0,0,0,19,6,13,6,1,5,18,5,13,1,1,0,18,9,9,5,1,4,19,3,16,15,1,14,CA,8
290,120768,717,62,655,3,1,2,29,5,24,95,6,89,377,36,341,4,0,4,134,10,124,23,2,21,50,2,48,2,0,2,CA,8
291,120838,6,5,1,0,0,0,1,1,0,1,1,0,0,0,0,0,0,0,0,0,0,0,0,0,0,0,0,4,3,1,CA,8
292,120865,1165,436,729,4,3,1,236,104,132,62,25,37,305,106,199,11,6,5,282,95,187,98,35,63,140,46,94,27,16,11,CA,8
293,120883,3846,1893,1953,11,3,8,1425,658,767,121,58,63,781,334,447,18,8,10,865,461,404,155,75,80,101,44,57,369,252,117,CA,8
294,120953,6962,5995,967,78,60,18,326,288,38,859,792,67,2728,2245,483,51,47,4,2449,2157,292,216,184,32,248,217,31,7,5,2,CA,8
295,120971,34019,17584,16435,205,92,113,2370,1200,1170,1060,603,457,15437,7538,7899,141,82,59,11573,6356,5217,1893,969,924,1095,622,473,245,122,123,CA,8
296,121044,37129,17379,19750,43,15,28,9032,4506,4526,1495,719,776,18185,8029,10156,48,30,18,5293,2552,2741,1518,734,784,528,276,252,987,518,469,CA,8
297,121150,3861,1628,2233,13,4,9,437,200,237,189,73,116,521,220,301,7,3,4,1859,779,1080,280,102,178,80,38,42,475,209,266,CA,8
298,121257,1111,476,635,2,1,1,106,45,61,64,24,40,160,64,96,5,2,3,543,247,296,82,32,50,54,24,30,95,37,58,CA,8
299,121275,195,129,66,2,1,1,29,17,12,17,13,4,47,28,19,3,2,1,74,53,21,10,5,5,13,10,3,0,0,0,CA,8
300,121309,3502,1200,2302,12,5,7,252,85,167,60,24,36,956,321,635,21,9,12,1818,621,1197,266,85,181,78,32,46,39,18,21,CA,8
301,121345,1733,820,913,8,2,6,285,127,158,166,74,92,296,148,148,6,1,5,594,299,295,120,52,68,64,33,31,194,84,110,CA,8
302,121363,5880,2138,3742,49,12,37,192,82,110,68,37,31,4566,1623,2943,8,3,5,826,315,511,136,49,87,23,13,10,12,4,8,CA,8
303,121619,40025,23331,16694,83,53,30,3152,1638,1514,559,344,215,21016,10123,10893,90,66,24,7043,5382,1661,645,377,268,7057,5175,1882,380,173,207,CA,8
304,121691,3452,1399,2053,18,7,11,195,73,122,127,57,70,1252,519,733,17,6,11,1281,527,754,173,83,90,311,86,225,78,41,37,CA,8
305,121707,6435,2876,3559,327,114,213,212,95,117,209,155,54,1345,675,670,20,10,10,3294,1383,1911,515,193,322,511,250,261,2,1,1,CA,8
306,121886,27852,15569,12283,50,32,18,1687,988,699,536,374,162,21559,11156,10403,46,34,12,1864,1379,485,280,168,112,1733,1387,346,97,51,46,CA,8
307,121901,30872,12715,18157,121,51,70,1725,817,908,2337,948,1389,19027,7524,11503,145,66,79,5091,2167,2924,508,192,316,1609,754,855,309,196,113,CA,8
308,122180,30975,12509,18466,123,42,81,6144,2676,3468,3005,1150,1855,9989,3808,6181,313,105,208,8175,3377,4798,1973,801,1172,909,375,534,344,175,169,CA,8
309,122205,33140,14073,19067,95,35,60,3967,1619,2348,649,294,355,8819,3520,5299,84,36,48,14580,6408,8172,1751,759,992,2498,997,1501,697,405,292,CA,8
310,122296,1248,250,998,1,0,1,373,91,282,92,16,76,222,33,189,13,3,10,401,71,330,92,26,66,54,10,44,0,0,0,CA,8
311,122339,22977,10012,12965,69,29,40,2555,1148,1407,2247,1026,1221,11148,4570,6578,115,59,56,4984,2370,2614,1275,527,748,509,242,267,75,41,34,CA,8
312,122375,32995,14707,18288,97,45,52,5018,2237,2781,2044,995,1049,12448,5168,7280,142,78,64,9942,4688,5254,2231,988,1243,763,350,413,310,158,152,CA,8
313,122384,23038,11706,11332,76,43,33,4708,2172,2536,1175,577,598,6716,3225,3491,135,79,56,7896,4414,3482,1670,837,833,573,316,257,89,43,46,CA,8
314,122409,33077,14832,18245,118,39,79,4271,2012,2259,1345,593,752,10513,4393,6120,94,41,53,11039,4942,6097,2064,880,1184,1269,634,635,2364,1298,1066,CA,8
315,122436,6327,2853,3474,17,6,11,426,147,279,199,101,98,1317,565,752,17,11,6,3089,1359,1730,423,189,234,179,94,85,660,381,279,CA,8
316,122454,303,96,207,2,1,1,27,6,21,13,4,9,44,21,23,1,1,0,117,32,85,13,3,10,28,6,22,58,22,36,CA,8
317,122506,226,133,93,0,0,0,26,19,7,9,7,2,5,5,0,1,1,0,89,54,35,7,3,4,3,3,0,86,41,45,CA,8
318,122597,28789,12889,15900,46,22,24,7290,3596,3694,1734,722,1012,9692,3812,5880,161,71,90,4714,2263,2451,1619,713,906,1213,612,601,2320,1078,1242,CA,8
319,122612,7173,2690,4483,11,3,8,1715,652,1063,350,106,244,1519,481,1038,35,8,27,1811,643,1168,609,209,400,138,53,85,985,535,450,CA,8
320,122658,26150,10440,15710,100,50,50,5008,2193,2815,2035,729,1306,12596,4824,7772,147,74,73,4189,1738,2451,1381,543,838,679,281,398,15,8,7,CA,8
321,122685,2888,770,2118,26,6,20,155,55,100,175,31,144,1521,413,1108,20,8,12,698,164,534,75,21,54,211,70,141,7,2,5,CA,8
322,122728,1721,741,980,23,8,15,144,82,62,92,43,49,330,135,195,16,6,10,841,337,504,22,7,15,180,74,106,73,49,24,CA,8
323,122746,14095,5943,8152,17,2,15,3756,1654,2102,747,360,387,6118,2348,3770,85,39,46,1828,842,986,437,186,251,926,420,506,181,92,89,CA,8
324,122755,29870,15032,14838,16,8,8,10653,5677,4976,1042,499,543,8679,3787,4892,150,81,69,4220,2279,1941,1419,712,707,1231,667,564,2460,1322,1138,CA,8
325,122791,12649,6369,6280,22,10,12,3123,1565,1558,338,202,136,3755,1745,2010,297,151,146,3090,1594,1496,717,359,358,543,271,272,764,472,292,CA,8
326,122834,406,86,320,5,1,4,18,6,12,25,6,19,278,58,220,7,2,5,63,12,51,2,0,2,6,1,5,2,0,2,CA,8
327,122852,130,21,109,0,0,0,7,0,7,5,1,4,78,13,65,3,1,2,36,6,30,0,0,0,1,0,1,0,0,0,CA,8
328,122889,20624,8986,11638,71,25,46,1078,399,679,526,241,285,7132,2975,4157,40,16,24,6981,3239,3742,894,418,476,2806,1098,1708,1096,575,521,CA,8
329,122931,5982,2984,2998,5,4,1,1074,524,550,178,86,92,1047,491,556,13,6,7,2789,1435,1354,444,198,246,150,74,76,282,166,116,CA,8
330,122977,39036,17587,21449,70,28,42,3630,1647,1983,3333,1468,1865,15222,6578,8644,80,35,45,9774,4526,5248,1836,843,993,1832,847,985,3259,1615,1644,CA,8
331,123013,27223,12262,14961,152,60,92,1226,560,666,591,286,305,10094,4248,5846,113,54,59,10854,5046,5808,1297,590,707,2685,1305,1380,211,113,98,CA,8
332,123165,1097,1,1096,0,0,0,177,0,177,40,0,40,157,0,157,2,0,2,569,0,569,75,1,74,24,0,24,53,0,53,CA,8
333,123217,16379,6761,9618,52,22,30,616,273,343,338,153,185,11128,4505,6623,20,11,9,3347,1413,1934,493,207,286,373,171,202,12,6,6,CA,8
334,123280,41,18,23,1,1,0,1,0,1,2,1,1,3,2,1,0,0,0,32,13,19,2,1,1,0,0,0,0,0,0,CA,8
335,123299,13121,5369,7752,292,114,178,515,193,322,229,128,101,2344,925,1419,37,21,16,8145,3294,4851,835,360,475,724,334,390,0,0,0,CA,8
336,123341,25731,11428,14303,130,66,64,1786,814,972,770,348,422,6956,2983,3973,132,61,71,13392,6008,7384,1578,688,890,848,389,459,139,71,68,CA,8
337,123457,824,296,528,16,6,10,47,14,33,31,19,12,183,89,94,7,3,4,455,134,321,36,14,22,49,17,32,0,0,0,CA,8
338,123484,2863,1339,1524,79,20,59,120,59,61,135,85,50,519,237,282,17,13,4,1519,701,818,197,85,112,255,125,130,22,14,8,CA,8
339,123509,14900,6841,8059,25,14,11,4825,2310,2515,354,141,213,4613,1982,2631,211,80,131,2829,1302,1527,840,382,458,549,257,292,654,373,281,CA,8
340,123527,20297,8228,12069,34,9,25,909,416,493,2308,852,1456,13672,5536,8136,50,19,31,2268,980,1288,731,261,470,285,137,148,40,18,22,CA,8
341,123554,2754,1207,1547,12,5,7,306,135,171,111,43,68,760,319,441,43,25,18,1147,502,645,209,90,119,80,33,47,86,55,31,CA,8
342,123563,13507,5570,7937,45,16,29,2008,897,1111,1798,791,1007,4383,1715,2668,117,58,59,3173,1313,1860,1212,489,723,741,278,463,30,13,17,CA,8
343,123572,9012,3451,5561,28,12,16,448,201,247,195,82,113,3160,1080,2080,30,14,16,3812,1559,2253,578,211,367,474,186,288,287,106,181,CA,8
344,123642,325,23,302,1,0,1,32,3,29,17,3,14,123,7,116,3,0,3,87,6,81,40,3,37,22,1,21,0,0,0,CA,8
345,123651,2189,718,1471,6,2,4,128,43,85,113,39,74,912,283,629,20,8,12,768,261,507,66,20,46,158,57,101,18,5,13,CA,8
346,123679,886,277,609,7,1,6,178,70,108,32,6,26,320,77,243,20,7,13,73,13,60,14,6,8,240,97,143,2,0,2,CA,8
347,123800,26197,11781,14416,64,32,32,2766,1285,1481,1138,616,522,18437,7907,10530,100,54,46,2110,1133,977,1072,508,564,466,230,236,44,16,28,CA,8
348,123952,245,151,94,0,0,0,26,18,8,2,1,1,34,25,9,1,0,1,35,22,13,6,5,1,1,0,1,140,80,60,CA,8
349,123961,21757,10355,11402,24,12,12,4465,2140,2325,991,410,581,3275,1554,1721,58,44,14,7788,3912,3876,1254,556,698,1103,326,777,2799,1401,1398,CA,8
350,124113,10774,6824,3950,78,49,29,265,162,103,660,477,183,6509,4222,2287,36,18,18,2895,1726,1169,234,104,130,92,62,30,5,4,1,CA,8
351,124292,441,209,232,1,1,0,8,6,2,1,0,1,69,34,35,2,2,0,312,143,169,24,9,15,10,7,3,14,7,7,CA,8
352,124487,210,106,104,1,1,0,20,14,6,57,27,30,35,19,16,8,5,3,59,24,35,14,5,9,14,11,3,2,0,2,CA,8
353,124706,1187,192,995,11,3,8,31,7,24,87,9,78,411,66,345,7,6,1,104,15,89,0,0,0,535,86,449,1,0,1,CA,8
354,124937,980,288,692,2,0,2,51,25,26,13,8,5,285,51,234,5,3,2,32,7,25,2,1,1,590,193,397,0,0,0,CA,8
355,125028,18487,7924,10563,52,28,24,847,359,488,351,218,133,11326,4660,6666,55,31,24,4449,1979,2470,688,300,388,681,327,354,38,22,16,CA,8
356,125091,17862,7161,10701,57,30,27,441,215,226,1851,679,1172,10292,4008,6284,59,26,33,3895,1657,2238,913,370,543,340,168,172,14,8,6,CA,8
357,125170,10158,4317,5841,26,11,15,1987,859,1128,1554,585,969,2595,1061,1534,27,13,14,2188,993,1195,707,297,410,454,182,272,620,316,304,CA,8
358,125231,13091,2358,10733,27,4,23,254,62,192,4619,764,3855,928,175,753,57,19,38,5269,851,4418,156,29,127,1615,420,1195,166,34,132,MN,4
359,125462,6040,2760,3280,42,22,20,381,174,207,232,140,92,4104,1756,2348,20,9,11,855,437,418,115,45,70,249,141,108,42,36,6,CA,8
360,125471,24052,8921,15131,35,9,26,1599,664,935,4779,1758,3021,11313,3795,7518,53,24,29,3611,1462,2149,938,334,604,1382,657,725,342,218,124,CA,8
361,125499,11918,5237,6681,19,14,5,2843,1144,1699,315,169,146,3277,1430,1847,35,18,17,4171,1869,2302,781,368,413,381,186,195,96,39,57,CA,8
362,125532,2425,251,2174,65,6,59,285,47,238,296,23,273,847,77,770,58,3,55,656,50,606,94,9,85,111,31,80,13,5,8,CA,8
363,125727,1362,534,828,2,0,2,104,39,65,22,8,14,272,101,171,7,2,5,740,286,454,81,34,47,108,45,63,26,19,7,CA,8
364,125763,1841,811,1030,7,2,5,127,49,78,87,49,38,932,362,570,5,2,3,459,222,237,135,62,73,17,5,12,72,58,14,CA,8
365,125897,1236,613,623,4,3,1,122,68,54,44,21,23,479,234,245,2,2,0,407,179,228,40,20,20,4,3,1,134,83,51,CA,8
366,126076,231,231,0,0,0,0,0,0,0,0,0,0,0,0,0,0,0,0,226,226,0,0,0,0,0,0,0,5,5,0,CA,8
367,126119,9015,3386,5629,68,30,38,1562,663,899,295,155,140,3125,1102,2023,36,15,21,2770,991,1779,562,183,379,332,143,189,265,104,161,CA,8
368,126182,2374,1323,1051,32,20,12,21,12,9,194,139,55,750,361,389,13,11,2,876,505,371,72,40,32,388,219,169,28,16,12,CO,7
369,126207,8954,3770,5184,48,20,28,137,50,87,170,82,88,2933,1135,1798,20,7,13,4979,2179,2800,225,91,134,317,158,159,125,48,77,CO,7
370,126289,19102,9168,9934,76,40,36,660,269,391,450,206,244,2663,1249,1414,42,21,21,10242,4761,5481,658,302,356,4102,2243,1859,209,77,132,CO,7
371,126359,406,30,376,4,1,3,4,0,4,9,3,6,69,4,65,1,0,1,271,17,254,42,4,38,5,1,4,1,0,1,CO,7
372,126562,20717,9135,11582,61,29,32,1709,731,978,1077,488,589,5303,2044,3259,27,10,17,9882,4608,5274,1151,495,656,394,216,178,1113,514,599,CO,7
373,126580,14006,6606,7400,41,22,19,538,224,314,536,248,288,2697,1142,1555,26,14,12,8741,4246,4495,1072,497,575,246,138,108,109,75,34,CO,7
374,126605,427,392,35,3,3,0,14,14,0,24,19,5,68,61,7,6,5,1,267,249,18,29,27,2,16,14,2,0,0,0,CO,7
375,126614,34026,18583,15443,46,26,20,1959,1041,918,565,349,216,4336,2256,2080,37,21,16,22790,12320,10470,2059,1050,1009,240,140,100,1994,1380,614,CO,7
376,126669,12304,4495,7809,114,35,79,475,173,302,1198,390,808,1780,544,1236,37,13,24,7940,3052,4888,325,102,223,433,186,247,2,0,2,CO,7
377,126678,2298,1033,1265,7,2,5,101,37,64,58,22,36,206,90,116,3,1,2,1481,696,785,172,78,94,68,30,38,202,77,125,CO,7
378,126687,1345,213,1132,17,1,16,25,7,18,153,25,128,272,29,243,4,0,4,173,34,139,10,3,7,691,114,577,0,0,0,CO,7
379,126711,7698,3310,4388,27,17,10,79,26,53,53,21,32,1921,734,1187,6,2,4,4973,2211,2762,192,86,106,447,213,234,0,0,0,CO,7
380,126748,1551,678,873,8,3,5,13,3,10,30,17,13,195,74,121,4,1,3,1104,466,638,36,14,22,144,91,53,17,9,8,CO,7
381,126775,5411,3722,1689,20,15,5,255,145,110,55,40,15,571,380,191,3,1,2,3754,2601,1153,294,199,95,135,100,35,324,241,83,CO,7
382,126818,28641,13491,15150,156,66,90,812,336,476,699,360,339,4133,1809,2324,49,28,21,19986,9467,10519,1320,568,752,386,174,212,1100,683,417,CO,7
383,126827,42335,15099,27236,514,194,320,363,178,185,9511,2820,6691,312,128,184,235,83,152,12632,5004,7628,1524,485,1039,17239,6205,11034,5,2,3,CO,7
384,126863,11807,5062,6745,52,22,30,700,329,371,2026,789,1237,3644,1378,2266,55,27,28,3574,1753,1821,652,259,393,463,233,230,641,272,369,CO,7
385,126942,11472,4601,6871,97,39,58,646,266,380,1344,574,770,3975,1501,2474,23,6,17,3759,1522,2237,495,204,291,358,149,209,775,340,435,CO,7
386,126951,1659,1519,140,31,24,7,13,10,3,97,91,6,582,543,39,4,4,0,798,727,71,80,70,10,54,50,4,0,0,0,CO,7
387,127060,6190,2832,3358,23,10,13,232,85,147,143,55,88,730,279,451,7,5,2,4191,1940,2251,315,137,178,130,60,70,419,261,158,CO,7
388,127185,3630,1674,1956,1059,404,655,30,7,23,36,32,4,424,163,261,6,4,2,1610,834,776,361,169,192,66,35,31,38,26,12,CO,7
389,127200,28980,12503,16477,161,62,99,1128,475,653,512,219,293,6404,2404,4000,54,24,30,17991,8073,9918,1077,467,610,1105,522,583,548,257,291,CO,7
390,127389,1045,434,611,15,6,9,2,0,2,47,34,13,340,134,206,3,1,2,559,216,343,27,17,10,15,8,7,37,18,19,CO,7
391,127556,10516,4873,5643,56,24,32,143,59,84,185,115,70,2199,942,1257,45,26,19,7059,3300,3759,406,196,210,308,154,154,115,57,58,CO,7
392,127565,23557,10840,12717,132,54,78,1010,473,537,1556,711,845,7003,2904,4099,44,20,24,11951,5780,6171,1148,503,645,544,298,246,169,97,72,CO,7
393,127617,1681,587,1094,5,2,3,4,2,2,71,30,41,503,175,328,0,0,0,987,333,654,33,10,23,51,28,23,27,7,20,CO,7
394,127653,455,146,309,0,0,0,9,2,7,4,1,3,52,16,36,0,0,0,319,107,212,29,10,19,31,9,22,11,1,10,CO,7
395,127714,1167,662,505,10,8,2,39,29,10,72,41,31,85,45,40,5,4,1,915,505,410,39,29,10,0,0,0,2,1,1,CO,7
396,127732,1981,798,1183,8,6,2,15,7,8,61,38,23,290,113,177,2,1,1,1428,536,892,53,23,30,71,36,35,53,38,15,CO,7
397,127741,11014,3641,7373,45,12,33,245,87,158,463,189,274,2497,801,1696,22,8,14,6899,2237,4662,483,172,311,178,76,102,182,59,123,CO,7
398,127778,1606,655,951,18,8,10,16,5,11,67,39,28,616,244,372,2,0,2,720,275,445,42,19,23,74,33,41,51,32,19,CO,7
399,127820,17357,7393,9964,125,49,76,489,173,316,1350,570,780,3609,1422,2187,98,45,53,9786,4353,5433,1053,424,629,689,308,381,158,49,109,CO,7
400,127884,9668,4269,5399,244,109,135,90,34,56,404,280,124,3232,1332,1900,12,5,7,5142,2268,2874,274,109,165,218,104,114,52,28,24,CO,7
401,127909,11393,5614,5779,92,44,48,378,167,211,184,91,93,2171,954,1217,25,17,8,7524,3830,3694,399,188,211,470,241,229,150,82,68,CO,7
402,127918,4337,1750,2587,20,10,10,204,74,130,192,91,101,897,291,606,13,7,6,2115,824,1291,167,61,106,597,327,270,132,65,67,CO,7
403,127945,2409,693,1716,55,13,42,75,24,51,227,81,146,329,106,223,0,0,0,1424,387,1037,28,4,24,251,76,175,20,2,18,CO,7
404,128106,5663,2543,3120,26,11,15,75,36,39,338,194,144,1845,736,1109,33,13,20,2626,1202,1424,306,142,164,263,121,142,151,88,63,CO,7
405,128258,2298,1017,1281,29,13,16,19,8,11,58,43,15,942,328,614,13,9,4,896,433,463,59,29,30,224,121,103,58,33,25,CO,7
406,128328,4376,3171,1205,11,5,6,255,180,75,289,217,72,473,331,142,23,13,10,2807,2036,771,324,230,94,136,107,29,58,52,6,CO,0
407,128391,3905,2063,1842,28,12,16,26,12,14,190,97,93,689,330,359,42,18,24,2268,1239,1029,99,56,43,554,294,260,9,5,4,CO,7
408,128498,1423,497,926,8,5,3,13,5,8,453,126,327,290,82,208,1,0,1,438,198,240,15,2,13,175,59,116,30,20,10,CT,1
409,128577,2388,1124,1264,7,4,3,82,39,43,324,154,170,375,181,194,3,1,2,1444,672,772,116,53,63,34,18,16,3,2,1,CT,1
410,128586,50,50,0,0,0,0,0,0,0,0,0,0,0,0,0,0,0,0,46,46,0,0,0,0,0,0,0,4,4,0,NY,2
411,128744,3841,1291,2550,25,7,18,168,59,109,1108,341,767,1016,290,726,7,1,6,1062,353,709,75,20,55,103,43,60,277,177,100,CT,1
412,128771,10321,5455,4866,12,9,3,489,293,196,1289,649,640,1624,752,872,8,3,5,6049,3311,2738,333,169,164,356,191,165,161,78,83,CT,1
413,128780,2256,653,1603,7,4,3,53,18,35,340,81,259,320,81,239,1,0,1,1217,405,812,45,8,37,260,54,206,13,2,11,CT,1
414,128902,1928,718,1210,2,1,1,82,28,54,73,31,42,187,77,110,1,1,0,1293,458,835,72,20,52,46,15,31,172,87,85,CT,1
415,129020,20501,10020,10481,18,8,10,2235,1039,1196,1371,616,755,2476,1086,1390,11,3,8,11201,5567,5634,684,326,358,427,228,199,2078,1147,931,CT,1
416,129154,4690,975,3715,21,5,16,124,40,84,983,195,788,1025,202,823,4,2,2,2287,469,1818,117,19,98,111,36,75,18,7,11,CT,1
417,129215,5265,2263,3002,21,7,14,175,74,101,497,214,283,637,252,385,5,3,2,3384,1494,1890,175,78,97,325,117,208,46,24,22,CT,1
418,129242,4678,1881,2797,5,2,3,116,42,74,86,32,54,315,136,179,2,1,1,3415,1343,2072,78,42,36,473,185,288,188,98,90,CT,1
419,129367,4541,1371,3170,9,3,6,257,92,165,1643,459,1184,1261,347,914,6,2,4,1058,388,670,146,39,107,153,38,115,8,3,5,CT,1
420,129525,5964,2942,3022,12,5,7,221,89,132,832,395,437,692,313,379,3,1,2,2847,1333,1514,200,87,113,772,430,342,385,289,96,CT,1
421,129534,279,146,133,0,0,0,9,4,5,4,3,1,29,18,11,0,0,0,172,100,72,12,5,7,9,5,4,44,11,33,CT,1
422,129543,6454,2371,4083,8,4,4,200,87,113,1997,656,1341,2193,762,1431,13,7,6,1720,719,1001,162,66,96,144,64,80,17,6,11,CT,1
423,129695,8134,3606,4528,17,4,13,570,279,291,1433,624,809,1612,656,956,9,2,7,3928,1784,2144,278,130,148,275,120,155,12,7,5,CT,1
424,129729,7935,3286,4649,18,7,11,281,136,145,852,312,540,2192,818,1374,13,3,10,3721,1657,2064,363,154,209,255,113,142,240,86,154,CT,1
425,129756,3565,1493,2072,8,1,7,136,55,81,324,129,195,645,255,390,4,1,3,2163,923,1240,215,92,123,68,37,31,2,0,2,CT,1
426,129774,682,380,302,6,1,5,12,2,10,95,55,40,116,70,46,3,1,2,357,194,163,40,26,14,53,31,22,0,0,0,CT,1
427,129808,4953,1944,3009,32,12,20,226,114,112,430,174,256,840,320,520,13,9,4,3036,1161,1875,269,107,162,96,43,53,11,4,7,CT,1
428,129941,5210,2346,2864,16,4,12,204,85,119,624,270,354,680,252,428,4,3,1,3280,1504,1776,42,12,30,198,90,108,162,126,36,CT,1
429,130004,7271,3122,4149,14,7,7,375,170,205,1065,381,684,2652,1064,1588,15,7,8,2656,1311,1345,163,72,91,199,85,114,132,25,107,CT,1
430,130040,1864,657,1207,6,4,2,51,21,30,74,19,55,268,95,173,2,1,1,1348,466,882,43,17,26,70,34,36,2,0,2,CT,1
431,130183,20235,5803,14432,187,50,137,158,73,85,5189,1199,3990,1458,430,1028,73,26,47,7268,1959,5309,3295,1073,2222,2550,961,1589,57,32,25,CT,1
432,130217,1725,680,1045,5,3,2,35,11,24,45,26,19,215,64,151,1,1,0,1318,531,787,75,33,42,30,11,19,1,0,1,CT,1
433,130226,7430,2944,4486,9,1,8,259,99,160,297,119,178,704,260,444,3,0,3,5538,2198,3340,196,58,138,266,128,138,158,81,77,CT,1
434,130253,6636,2233,4403,8,2,6,139,41,98,349,147,202,833,270,563,3,0,3,4750,1581,3169,158,47,111,303,98,205,93,47,46,CT,1
435,130314,1030,196,834,2,2,0,53,5,48,140,41,99,158,28,130,1,0,1,578,101,477,36,6,30,47,7,40,15,6,9,CT,1
436,130396,9490,3772,5718,24,9,15,439,196,243,2272,819,1453,2577,927,1650,17,4,13,3593,1552,2041,284,126,158,232,107,125,52,32,20,CT,1
437,130493,8994,3507,5487,19,9,10,299,139,160,1675,652,1023,1144,401,743,3,1,2,4694,1859,2835,375,153,222,699,252,447,86,41,45,CT,1
438,130590,2311,1134,1177,4,1,3,85,35,50,149,70,79,189,81,108,1,1,0,1416,710,706,65,36,29,101,38,63,301,162,139,CT,1
439,130606,5426,2325,3101,10,3,7,234,118,116,434,180,254,1253,468,785,1,1,0,3036,1359,1677,302,130,172,130,58,72,26,8,18,CT,1
440,130697,3295,1480,1815,2,0,2,242,92,150,212,98,114,377,164,213,3,1,2,1755,814,941,189,76,113,90,36,54,425,199,226,CT,1
441,130776,5657,2688,2969,9,4,5,279,132,147,510,257,253,1144,477,667,1,1,0,3304,1633,1671,156,70,86,254,114,140,0,0,0,CT,1
442,130794,7199,3448,3751,31,16,15,1285,571,714,498,248,250,916,423,493,6,2,4,2579,1349,1230,418,177,241,247,105,142,1219,557,662,CT,1
443,130907,18147,6370,11777,63,19,44,631,257,374,4646,1500,3146,2405,811,1594,27,14,13,8895,3196,5699,753,258,495,545,234,311,182,81,101,DE,2
444,130934,4727,1632,3095,10,2,8,30,13,17,3108,1036,2072,304,97,207,7,2,5,422,170,252,262,80,182,302,120,182,282,112,170,DE,2
445,130943,21869,9349,12520,30,13,17,1133,541,592,1391,600,791,1851,740,1111,10,2,8,14511,6000,8511,748,308,440,951,422,529,1244,723,521,DE,2
446,130989,781,362,419,3,2,1,23,12,11,211,99,112,104,38,66,2,2,0,331,152,179,36,13,23,5,2,3,66,42,24,DE,2
447,131098,1104,521,583,1,0,1,8,2,6,433,240,193,91,39,52,3,1,2,397,137,260,72,38,34,92,59,33,7,5,2,DE,2
448,131113,14138,5187,8951,247,86,161,550,238,312,3170,1025,2145,1690,633,1057,96,29,67,7067,2632,4435,344,122,222,493,189,304,481,233,248,DE,2
449,131159,9206,3620,5586,8,4,4,561,166,395,600,160,440,1026,330,696,5,2,3,4585,1815,2770,381,147,234,490,206,284,1550,790,760,DC,2
450,131283,3371,1535,1836,6,2,4,114,38,76,155,77,78,478,212,266,1,0,1,2213,984,1229,149,82,67,89,33,56,166,107,59,DC,2
451,131399,4872,1893,2979,12,4,8,88,40,48,2867,1010,1857,678,264,414,6,5,1,269,129,140,119,49,70,493,193,300,340,199,141,DC,2
452,131450,1172,536,636,9,3,6,55,27,28,198,112,86,176,69,107,9,4,5,546,239,307,37,18,19,76,31,45,66,33,33,DC,2
453,131469,13980,5360,8620,22,8,14,1509,553,956,1158,347,811,1579,569,1010,16,7,9,6743,2637,4106,562,191,371,754,298,456,1637,750,887,DC,2
454,131496,8330,3675,4655,5,3,2,817,314,503,514,213,301,774,329,445,5,3,2,3863,1802,2061,370,145,225,508,244,264,1474,622,852,DC,2
455,131520,6801,2022,4779,109,24,85,76,19,57,4853,1384,3469,430,121,309,17,3,14,75,24,51,228,65,163,702,215,487,311,167,144,DC,2
456,131803,1016,286,730,2,0,2,15,8,7,804,225,579,88,25,63,3,1,2,44,18,26,37,8,29,20,1,19,3,0,3,DC,2
457,131876,1591,65,1526,4,0,4,18,0,18,880,28,852,427,8,419,0,0,0,28,4,24,30,0,30,195,24,171,9,1,8,DC,2
458,132408,473,238,235,2,2,0,5,2,3,21,15,6,14,6,8,1,0,1,298,149,149,8,4,4,123,59,64,1,1,0,FL,5
459,132471,4284,1632,2652,18,4,14,42,13,29,1423,472,951,1508,530,978,8,2,6,832,401,431,87,35,52,68,25,43,298,150,148,FL,5
460,132602,3065,1131,1934,6,2,4,2,2,0,2419,866,1553,136,59,77,1,1,0,29,15,14,81,36,45,298,114,184,93,36,57,FL,5
461,132657,2605,1309,1296,13,8,5,36,14,22,280,125,155,492,241,251,7,5,2,1174,593,581,55,25,30,131,69,62,417,229,188,FL,5
462,132693,20220,8088,12132,64,18,46,526,201,325,2270,749,1521,3108,1228,1880,39,19,20,12560,5172,7388,1064,413,651,372,174,198,217,114,103,FL,5
463,132709,57071,23223,33848,108,54,54,1784,835,949,16947,6099,10848,20903,8815,12088,137,59,78,8971,4022,4949,3449,1389,2060,2007,775,1232,2765,1175,1590,FL,5
464,132842,208,35,173,0,0,0,0,0,0,5,0,5,163,31,132,0,0,0,12,1,11,2,0,2,13,2,11,13,1,12,FL,5
465,132851,9381,3490,5891,46,19,27,192,68,124,1221,402,819,1028,376,652,34,11,23,6009,2286,3723,430,166,264,280,112,168,141,50,91,FL,5
466,132879,196,114,82,0,0,0,1,1,0,37,29,8,44,27,17,1,0,1,89,40,49,5,4,1,8,4,4,11,9,2,FL,5
467,132903,68814,30876,37938,113,57,56,4351,2158,2193,7528,2801,4727,19530,8510,11020,119,48,71,31559,14565,16994,2664,1160,1504,638,327,311,2312,1250,1062,FL,5
468,133021,2544,944,1600,22,9,13,24,11,13,415,134,281,121,54,67,4,2,2,1776,664,1112,84,34,50,70,28,42,28,8,20,FL,5
469,133386,19403,7493,11910,48,22,26,441,191,250,2469,823,1646,3490,1350,2140,26,14,12,11752,4618,7134,758,287,471,376,170,206,43,18,25,FL,5
470,133465,811,130,681,3,0,3,32,6,26,439,61,378,180,34,146,4,2,2,137,25,112,0,0,0,13,2,11,3,0,3,FL,5
471,133492,2075,686,1389,12,8,4,53,22,31,56,24,32,182,57,125,3,1,2,1592,509,1083,79,20,59,7,2,5,91,43,48,FL,5
472,133508,21947,8012,13935,86,24,62,443,184,259,2684,897,1787,7214,2586,4628,45,10,35,9250,3449,5801,508,185,323,1199,473,726,518,204,314,FL,5
473,133526,3298,1627,1671,3,0,3,100,48,52,1745,831,914,243,127,116,0,0,0,539,297,242,213,97,116,453,227,226,2,0,2,FL,5
474,133553,6792,5256,1536,17,14,3,330,267,63,338,246,92,949,705,244,14,10,4,3799,2965,834,269,181,88,195,141,54,881,727,154,FL,5
475,133650,8702,3035,5667,2,0,2,49,24,25,7531,2553,4978,364,132,232,2,0,2,443,222,221,277,88,189,0,0,0,34,16,18,FL,5
476,133669,31632,13638,17994,48,23,25,1346,584,762,6475,2458,4017,8783,3637,5146,39,9,30,12393,5749,6644,1212,496,716,289,124,165,1047,558,489,FL,5
477,133702,36962,13909,23053,102,41,61,1651,743,908,10635,3322,7313,4445,1673,2772,147,74,73,17115,6900,10215,1447,588,859,1288,508,780,132,60,72,FL,5
478,133711,3086,1015,2071,5,2,3,36,9,27,144,46,98,300,102,198,2,0,2,2240,710,1530,97,29,68,150,53,97,112,64,48,FL,5
479,133809,554,266,288,2,1,1,8,2,6,30,15,15,48,27,21,1,0,1,426,203,223,23,10,13,6,4,2,10,4,6,FL,5
480,133845,1133,101,1032,2,0,2,4,1,3,157,9,148,52,1,51,2,0,2,60,6,54,7,0,7,849,84,765,0,0,0,FL,5
481,133854,809,160,649,5,0,5,15,4,11,275,42,233,123,41,82,0,0,0,27,4,23,1,0,1,363,69,294,0,0,0,FL,5
482,133863,759,87,672,4,2,2,10,3,7,113,11,102,268,32,236,2,0,2,84,6,78,2,0,2,276,33,243,0,0,0,FL,5
483,133872,1653,341,1312,4,0,4,102,32,70,276,34,242,548,131,417,9,2,7,555,99,456,49,11,38,75,24,51,35,8,27,FL,5
484,133881,4077,2861,1216,12,8,4,93,66,27,210,146,64,365,247,118,9,6,3,1880,1267,613,94,59,35,114,79,35,1300,983,317,FL,5
485,133951,61869,26708,35161,35,12,23,1447,706,741,7763,3026,4737,41161,17748,23413,39,14,25,5652,2489,3163,1341,573,768,355,163,192,4076,1977,2099,FL,5
486,133960,1433,638,795,5,3,2,26,9,17,126,63,63,401,171,230,1,1,0,740,335,405,45,20,25,67,26,41,22,10,12,FL,5
487,133979,1257,527,730,1,0,1,2,2,0,817,314,503,98,60,38,0,0,0,18,12,6,11,5,6,83,32,51,227,102,125,FL,5
488,133997,645,279,366,1,1,0,3,2,1,154,57,97,345,156,189,2,1,1,15,8,7,5,3,2,120,51,69,0,0,0,FL,5
489,134079,3047,1117,1930,30,14,16,87,26,61,216,75,141,425,161,264,5,3,2,2112,755,1357,25,10,15,60,22,38,87,51,36,FL,5
490,134097,36789,16093,20696,58,22,36,988,417,571,3295,1195,2100,7928,3527,4401,34,17,17,21753,9701,12052,1519,647,872,431,227,204,783,340,443,FL,5
491,134130,37975,16746,21229,64,30,34,3410,1550,1860,2274,833,1441,8676,3748,4928,81,27,54,19601,8781,10820,1522,605,917,1228,583,645,1119,589,530,FL,5
492,134237,28185,19823,8362,206,142,64,583,411,172,7672,5358,2314,4684,3311,1373,66,38,28,10748,7753,2995,1682,1106,576,2494,1665,829,50,39,11,FL,5
493,134343,6592,2495,4097,44,13,31,225,93,132,730,249,481,421,160,261,4,0,4,4527,1713,2814,235,89,146,369,164,205,37,14,23,FL,5
494,134495,41153,16929,24224,97,49,48,1575,706,869,7090,2634,4456,13794,5538,8256,76,27,49,14551,6270,8281,1777,708,1069,1534,702,832,659,295,364,FL,5
495,134510,261,145,116,2,1,1,5,3,2,15,10,5,17,9,8,0,0,0,191,101,90,0,0,0,26,19,7,5,2,3,FL,5
496,134608,23557,9343,14214,64,20,44,468,193,275,3895,1410,2485,5868,2249,3619,41,20,21,11520,4657,6863,723,295,428,832,433,399,146,66,80,FL,5
497,134811,1370,512,858,10,3,7,22,8,14,192,99,93,530,224,306,5,1,4,263,105,158,0,0,0,55,16,39,293,56,237,FL,5
498,134945,3923,1411,2512,15,5,10,99,24,75,702,247,455,464,164,300,14,7,7,2109,693,1416,135,50,85,104,40,64,281,181,100,FL,5
499,135081,28118,7893,20225,249,81,168,694,283,411,5498,1336,4162,6549,1958,4591,108,35,73,8993,2476,6517,547,174,373,5237,1425,3812,243,125,118,FL,5
500,135160,4773,1649,3124,20,8,12,66,27,39,720,216,504,309,111,198,2,1,1,3560,1246,2314,89,37,52,3,1,2,4,2,2,FL,5
501,135188,5952,2245,3707,36,8,28,270,108,162,586,207,379,1349,488,861,17,7,10,3220,1249,1971,168,68,100,253,89,164,53,21,32,FL,5
502,135364,351,236,115,1,1,0,4,4,0,144,73,71,12,10,2,0,0,0,177,139,38,0,0,0,13,9,4,0,0,0,GA,5
503,135391,13348,5019,8329,45,19,26,339,144,195,1306,437,869,2638,984,1654,18,6,12,7732,2967,4765,375,144,231,653,227,426,242,91,151,FL,5
504,135610,162,66,96,0,0,0,2,0,2,27,12,15,52,22,30,0,0,0,74,30,44,2,0,2,5,2,3,0,0,0,FL,5
505,135717,83464,35491,47973,61,28,33,880,402,478,12619,4849,7770,57953,24922,33031,55,20,35,4298,1965,2333,738,292,446,1515,638,877,5345,2375,2970,FL,5
506,135726,12547,5769,6778,14,4,10,556,228,328,1110,430,680,2922,1206,1716,7,6,1,5097,2468,2629,394,177,217,584,273,311,1863,977,886,FL,5
507,136145,1739,528,1211,3,1,2,11,3,8,395,80,315,143,41,102,1,0,1,1157,391,766,17,8,9,6,1,5,6,3,3,FL,5
508,136172,17574,7611,9963,26,11,15,971,447,524,1672,605,1067,2405,1001,1404,20,10,10,11095,4934,6161,921,384,537,87,44,43,377,175,202,FL,5
509,136215,6096,1705,4391,15,5,10,612,224,388,859,184,675,2199,549,1650,8,4,4,1654,466,1188,194,56,138,247,86,161,308,131,177,FL,5
510,136233,7656,3016,4640,37,15,22,186,68,118,662,237,425,731,284,447,36,19,17,4507,1772,2735,436,174,262,1005,430,575,56,17,39,FL,5
511,136330,3239,1223,2016,5,2,3,63,21,42,300,88,212,503,189,314,7,3,4,1921,721,1200,95,29,66,179,79,100,166,91,75,FL,5
512,136358,42956,17574,25382,73,36,37,1255,539,716,11392,4117,7275,13321,5396,7925,81,35,46,13376,6032,7344,1112,470,642,1669,673,996,677,276,401,FL,5
513,136400,14898,5775,9123,50,22,28,434,178,256,1000,389,611,3281,1254,2027,25,10,15,9159,3559,5600,586,224,362,312,117,195,51,22,29,FL,5
514,136473,13357,4875,8482,83,36,47,383,160,223,2179,637,1542,1065,392,673,55,19,36,8582,3244,5338,847,325,522,52,21,31,111,41,70,FL,5
515,136516,15274,5434,9840,37,11,26,394,176,218,2618,839,1779,3925,1392,2533,20,11,9,7326,2658,4668,597,216,381,185,62,123,172,69,103,FL,5
516,136774,1675,508,1167,6,2,4,158,37,121,61,27,34,252,74,178,1,1,0,787,242,545,67,20,47,49,16,33,294,89,205,FL,5
517,136950,2773,1106,1667,2,1,1,90,28,62,139,46,93,571,212,359,5,2,3,1497,623,874,111,34,77,100,41,59,258,119,139,FL,5
518,137032,13557,5569,7988,55,21,34,204,103,101,4148,1459,2689,1851,830,1021,16,8,8,3901,1722,2179,152,56,96,2847,1186,1661,383,184,199,FL,5
519,137078,37959,14683,23276,112,43,69,1474,575,899,5279,1704,3575,5956,2199,3757,89,32,57,22601,9182,13419,1436,515,921,737,327,410,275,106,169,FL,5
520,137096,19449,8580,10869,43,17,26,677,290,387,2717,1014,1703,3708,1676,2032,25,13,12,10652,4798,5854,884,373,511,301,148,153,442,251,191,FL,5
521,137209,25235,10872,14363,56,29,27,840,363,477,4035,1437,2598,6603,2709,3894,59,29,30,11592,5427,6165,937,369,568,556,247,309,557,262,295,FL,5
522,137272,47,46,1,0,0,0,0,0,0,1,1,0,11,11,0,1,1,0,16,16,0,0,0,0,2,2,0,16,15,1,FL,5
523,137281,9709,3626,6083,40,10,30,231,97,134,958,297,661,1151,424,727,21,7,14,6551,2483,4068,433,174,259,297,124,173,27,10,17,FL,5
524,137315,3801,1432,2369,6,2,4,70,38,32,381,126,255,1422,474,948,11,5,6,1698,689,1009,76,29,47,74,40,34,63,29,34,FL,5
525,137351,45587,19713,25874,83,39,44,3025,1340,1685,4421,1641,2780,9624,3865,5759,69,36,33,22192,9751,12441,1798,719,1079,1632,696,936,2743,1626,1117,FL,5
526,137476,3629,1620,2009,12,9,3,42,16,26,683,296,387,1888,804,1084,0,0,0,449,202,247,119,49,70,258,131,127,178,113,65,FL,5
527,137546,3378,1479,1899,5,3,2,71,25,46,278,128,150,604,250,354,2,1,1,1909,809,1100,176,74,102,68,39,29,265,150,115,FL,5
528,137564,10138,4284,5854,53,24,29,176,74,102,1418,613,805,2360,965,1395,44,20,24,5369,2273,3096,330,129,201,287,126,161,101,60,41,FL,5
529,137759,16528,7306,9222,38,17,21,261,98,163,5267,1946,3321,2196,1058,1138,22,13,9,7735,3704,4031,566,254,312,302,143,159,141,73,68,FL,5
530,137777,31,31,0,0,0,0,0,0,0,0,0,0,0,0,0,0,0,0,24,24,0,0,0,0,0,0,0,7,7,0,FL,5
531,137801,600,293,307,1,1,0,10,3,7,153,72,81,241,110,131,2,1,1,157,94,63,17,4,13,19,8,11,0,0,0,FL,5
532,137847,9493,3902,5591,10,4,6,157,45,112,397,142,255,1186,421,765,10,2,8,5491,2190,3301,279,93,186,1192,555,637,771,450,321,FL,5
533,137953,388,210,178,0,0,0,8,6,2,80,42,38,41,23,18,0,0,0,231,125,106,14,6,8,7,3,4,7,5,2,FL,5
534,137962,249,121,128,2,2,0,5,1,4,56,29,27,43,23,20,0,0,0,118,56,62,3,0,3,20,8,12,2,2,0,FL,5
535,138187,64593,26901,37692,164,68,96,2767,1242,1525,10860,4220,6640,23974,9681,14293,191,88,103,16599,7466,9133,1722,694,1028,5619,2175,3444,2697,1267,1430,FL,5
536,138275,967,505,462,4,2,2,5,2,3,350,217,133,120,53,67,2,0,2,437,199,238,12,4,8,3,2,1,34,26,8,FL,5
537,138293,718,486,232,7,5,2,3,2,1,212,160,52,84,50,34,7,4,3,270,178,92,25,11,14,8,2,6,102,74,28,FL,5
538,138309,15381,2302,13079,91,11,80,359,83,276,3206,433,2773,2109,379,1730,39,13,26,6302,1068,5234,399,55,344,2876,260,2616,0,0,0,FL,5
539,138354,11802,4971,6831,65,27,38,389,181,208,1340,586,754,1181,466,715,34,13,21,7629,3200,4429,662,271,391,235,94,141,267,133,134,FL,5
540,138558,4667,1926,2741,17,3,14,56,28,28,562,155,407,324,119,205,3,0,3,3600,1583,2017,59,14,45,1,1,0,45,23,22,GA,5
541,138600,1081,13,1068,2,0,2,81,0,81,336,4,332,146,1,145,3,0,3,322,6,316,64,0,64,46,2,44,81,0,81,GA,5
542,138655,954,659,295,1,0,1,82,58,24,447,338,109,226,130,96,0,0,0,198,133,65,0,0,0,0,0,0,0,0,0,GA,5
543,138664,140,52,88,0,0,0,8,4,4,105,36,69,17,5,12,0,0,0,10,7,3,0,0,0,0,0,0,0,0,0,GA,5
544,138682,4635,1482,3153,11,5,6,14,7,7,3602,1068,2534,96,33,63,3,1,2,821,341,480,82,25,57,0,0,0,6,2,4,GA,5
545,138716,6931,1930,5001,18,5,13,42,13,29,5034,1382,3652,384,102,282,2,0,2,1043,296,747,125,35,90,231,77,154,52,20,32,GA,5
546,138761,345,137,208,1,1,0,2,1,1,195,58,137,23,15,8,1,1,0,113,54,59,7,4,3,1,1,0,2,2,0,GA,5
547,138813,1397,706,691,15,6,9,18,6,12,930,479,451,171,79,92,8,7,1,155,71,84,1,0,1,78,49,29,21,9,12,GA,5
548,138840,6106,2238,3868,10,7,3,67,38,29,5324,1888,3436,317,133,184,10,4,6,175,90,85,128,48,80,15,7,8,60,23,37,GA,5
549,138868,2769,1123,1646,10,4,6,45,17,28,836,329,507,163,68,95,7,6,1,1225,501,724,157,51,106,263,104,159,63,43,20,GA,5
550,138901,2676,957,1719,0,0,0,21,9,12,2338,816,1522,118,41,77,1,1,0,85,47,38,60,21,39,26,7,19,27,15,12,GA,5
551,138947,3581,898,2683,8,2,6,4,1,3,3210,745,2465,6,2,4,0,0,0,4,2,2,0,0,0,263,79,184,86,67,19,GA,5
552,138956,6088,2582,3506,20,6,14,82,41,41,2936,1111,1825,309,142,167,12,6,6,2404,1129,1275,217,97,120,97,47,50,11,3,8,GA,5
553,139144,2022,803,1219,7,3,4,44,15,29,145,71,74,137,49,88,0,0,0,1564,604,960,80,40,40,22,7,15,23,14,9,GA,5
554,139153,285,164,121,0,0,0,23,15,8,195,113,82,7,6,1,0,0,0,29,16,13,0,0,0,31,14,17,0,0,0,GA,5
555,139199,2243,250,1993,9,1,8,50,7,43,659,67,592,258,25,233,1,0,1,1013,103,910,39,3,36,92,16,76,122,28,94,GA,5
556,139205,1037,590,447,7,5,2,11,4,7,318,218,100,98,53,45,11,6,5,539,269,270,4,1,3,46,31,15,3,3,0,GA,5
557,139250,4355,1404,2951,9,3,6,94,38,56,838,217,621,300,92,208,8,1,7,2779,940,1839,195,59,136,81,28,53,51,26,25,GA,5
558,139278,10089,3392,6697,39,17,22,139,51,88,3275,939,2336,714,268,446,13,4,9,5530,1971,3559,282,104,178,74,28,46,23,10,13,GA,5
559,139311,7728,2343,5385,11,3,8,512,206,306,4846,1268,3578,578,197,381,8,1,7,1258,496,762,239,73,166,164,45,119,112,54,58,GA,5
560,139357,5061,1668,3393,26,11,15,63,28,35,2336,675,1661,391,147,244,24,11,13,1939,697,1242,136,41,95,120,49,71,26,9,17,GA,5
561,139366,7798,3125,4673,32,15,17,198,84,114,3016,967,2049,525,221,304,10,5,5,3786,1729,2057,125,52,73,14,5,9,92,47,45,GA,5
562,139393,971,457,514,7,2,5,11,2,9,24,17,7,15,10,5,1,0,1,783,364,419,50,23,27,47,23,24,33,16,17,GA,5
563,139463,5734,2325,3409,38,12,26,111,43,68,214,88,126,1685,677,1008,9,1,8,3392,1381,2011,51,25,26,134,49,85,100,49,51,GA,5
564,139579,518,160,358,3,1,2,11,4,7,233,64,169,48,11,37,2,1,1,208,75,133,0,0,0,12,4,8,1,0,1,GA,5
565,139621,3382,1319,2063,14,8,6,24,12,12,1557,578,979,177,71,106,3,1,2,1446,589,857,125,46,79,27,9,18,9,5,4,GA,5
566,139630,1037,538,499,6,5,1,11,6,5,148,103,45,71,28,43,6,3,3,680,331,349,38,17,21,0,0,0,77,45,32,GA,5
567,139658,8006,3205,4801,7,2,5,1658,692,966,704,204,500,780,296,484,5,3,2,3000,1167,1833,329,128,201,176,70,106,1347,643,704,GA,5
568,139700,7895,2990,4905,13,4,9,123,62,61,1302,496,806,1165,398,767,7,3,4,4856,1864,2992,310,115,195,26,15,11,93,33,60,GA,5
569,139719,2511,975,1536,3,2,1,8,4,4,2300,899,1401,47,15,32,0,0,0,67,21,46,68,28,40,15,6,9,3,0,3,GA,5
570,139755,17602,10746,6856,10,8,2,4066,2473,1593,1234,708,526,1270,750,520,6,3,3,8014,4908,3106,719,404,315,453,270,183,1830,1222,608,GA,5
571,139764,3012,1134,1878,5,1,4,63,32,31,753,234,519,155,58,97,2,1,1,1763,654,1109,80,35,45,8,2,6,183,117,66,GA,5
572,139861,6483,2357,4126,12,5,7,81,25,56,342,121,221,401,151,250,2,0,2,5357,1945,3412,206,74,132,24,7,17,58,29,29,GA,5
573,139931,26067,11476,14591,101,39,62,606,300,306,6631,2597,4034,1886,827,1059,26,12,14,15283,6991,8292,991,424,567,166,91,75,377,195,182,GA,5
574,139940,32742,13355,19387,33,9,24,4667,2302,2365,13367,4758,8609,3923,1489,2434,18,5,13,7355,3462,3893,2136,761,1375,209,89,120,1034,480,554,GA,5
575,139959,32702,14154,18548,23,9,14,3454,1638,1816,2494,887,1607,2171,897,1274,26,9,17,22313,9734,12579,1361,569,792,308,136,172,552,275,277,GA,5
576,139968,4114,1328,2786,5,2,3,40,16,24,1617,510,1107,201,62,139,0,0,0,2083,667,1416,137,56,81,22,11,11,9,4,5,GA,5
577,139986,7829,2289,5540,14,8,6,121,31,90,3601,905,2696,480,156,324,7,3,4,3377,1111,2266,160,54,106,52,16,36,17,5,12,GA,5
578,140003,389,61,328,3,1,2,17,5,12,260,34,226,65,12,53,2,1,1,42,8,34,0,0,0,0,0,0,0,0,0,GA,5
579,140012,12929,5332,7597,28,8,20,1124,503,621,4506,1644,2862,2248,941,1307,20,9,11,3924,1806,2118,461,184,277,402,144,258,216,93,123,GA,5
580,140234,934,469,465,7,3,4,13,4,9,202,134,68,19,13,6,0,0,0,659,293,366,19,10,9,5,4,1,10,8,2,GA,5
581,140252,1023,445,578,14,5,9,39,14,25,300,126,174,204,114,90,0,0,0,337,122,215,0,0,0,46,16,30,83,48,35,GA,5
582,140331,14849,6078,8771,68,29,39,389,170,219,4290,1494,2796,2078,844,1234,18,7,11,7205,3190,4015,491,211,280,139,66,73,171,67,104,GA,5
583,140340,1306,220,1086,4,0,4,39,22,17,953,145,808,37,9,28,5,1,4,162,27,135,15,1,14,85,11,74,6,4,2,GA,5
584,140447,5420,1958,3462,10,5,5,419,160,259,1648,422,1226,352,131,221,4,0,4,2443,1046,1397,180,72,108,270,84,186,94,38,56,GA,5
585,140553,2341,2340,1,4,4,0,1,1,0,1701,1700,1,9,9,0,0,0,0,5,5,0,51,51,0,554,554,0,16,16,0,GA,5
586,140678,3921,1504,2417,25,10,15,40,14,26,233,92,141,228,87,141,5,4,1,3246,1237,2009,93,36,57,43,21,22,8,3,5,GA,5
587,140696,1851,648,1203,13,4,9,68,28,40,353,136,217,177,65,112,0,0,0,657,297,360,12,4,8,421,63,358,150,51,99,GA,5
588,140720,495,223,272,1,1,0,0,0,0,450,197,253,11,6,5,0,0,0,5,4,1,10,5,5,12,6,6,6,4,2,GA,5
589,140818,1445,495,950,4,1,3,19,4,15,165,60,105,101,35,66,1,0,1,1011,349,662,17,7,10,120,34,86,7,5,2,GA,5
590,140872,1561,791,770,6,4,2,16,8,8,254,168,86,152,77,75,2,2,0,974,448,526,44,27,17,78,31,47,35,26,9,GA,5
591,140942,6049,2344,3705,26,4,22,112,52,60,3051,1067,1984,538,236,302,16,5,11,2031,865,1166,217,82,135,1,1,0,57,32,25,GA,5
592,140951,13679,4341,9338,83,19,64,756,211,545,1519,542,977,1026,331,695,46,19,27,7196,2207,4989,3,0,3,457,130,327,2593,882,1711,GA,5
593,140960,3956,1555,2401,8,4,4,5,0,5,3143,1215,1928,376,146,230,2,0,2,168,93,75,153,52,101,21,7,14,80,38,42,GA,5
594,140988,1653,716,937,3,1,2,15,5,10,371,186,185,106,45,61,1,0,1,1007,407,600,55,28,27,58,18,40,37,26,11,GA,5
595,141060,2190,0,2190,32,0,32,1,0,1,2133,0,2133,0,0,0,0,0,0,3,0,3,5,0,5,0,0,0,16,0,16,GA,5
596,141167,1313,425,888,2,1,1,460,50,410,119,40,79,34,22,12,0,0,0,236,110,126,0,0,0,450,196,254,12,6,6,GA,5
597,141185,2412,931,1481,11,4,7,100,53,47,284,102,182,141,48,93,4,1,3,1753,675,1078,77,34,43,36,12,24,6,2,4,GA,5
598,141237,3378,1461,1917,4,0,4,13,4,9,80,43,37,40,19,21,0,0,0,783,327,456,0,0,0,2356,1010,1346,102,58,44,GA,5
599,141255,6882,2700,4182,35,11,24,51,23,28,2446,898,1548,644,242,402,4,1,3,3574,1476,2098,78,26,52,32,16,16,18,7,11,GA,5
600,141264,9956,3615,6341,22,9,13,141,69,72,3877,1315,2562,737,275,462,13,4,9,4536,1689,2847,432,151,281,29,13,16,169,90,79,GA,5
601,141325,922,75,847,2,0,2,9,3,6,322,25,297,47,3,44,0,0,0,413,36,377,33,3,30,21,4,17,75,1,74,GA,5
602,141334,12131,4438,7693,22,6,16,147,52,95,4406,1556,2850,947,311,636,13,7,6,5792,2197,3595,473,171,302,188,72,116,143,66,77,GA,5
603,141361,1618,716,902,6,3,3,38,15,23,152,83,69,89,35,54,3,2,1,1128,470,658,54,21,33,52,20,32,96,67,29,GA,5
604,141486,1893,548,1345,12,4,8,506,125,381,99,39,60,91,27,64,406,96,310,260,99,161,113,21,92,387,128,259,19,9,10,HI,8
605,141565,3265,1169,2096,15,4,11,474,183,291,36,17,19,499,155,344,288,110,178,638,231,407,1155,403,752,15,6,9,145,60,85,HI,8
606,141574,15160,6333,8827,25,6,19,5531,2499,3032,243,117,126,1729,630,1099,433,164,269,2727,1015,1712,3798,1663,2135,52,19,33,622,220,402,HI,8
607,141644,4687,1980,2707,17,7,10,642,221,421,289,158,131,784,304,480,572,266,306,937,440,497,870,318,552,245,129,116,331,137,194,HI,8
608,141680,4852,2536,2316,3,2,1,1994,1090,904,83,48,35,575,276,299,269,138,131,392,192,200,1359,697,662,131,72,59,46,21,25,HI,8
609,141796,9547,3522,6025,21,7,14,3690,1391,2299,128,58,70,1032,335,697,321,99,222,1030,380,650,2476,955,1521,117,45,72,732,252,480,HI,8
610,141802,1829,642,1187,2,0,2,487,154,333,13,5,8,276,91,185,84,27,57,283,106,177,614,226,388,37,20,17,33,13,20,HI,8
611,141811,10085,3739,6346,15,6,9,3737,1454,2283,202,97,105,1529,501,1028,440,143,297,866,364,502,3012,1074,1938,66,22,44,218,78,140,HI,8
612,141839,4311,1375,2936,9,1,8,1145,384,761,25,12,13,677,210,467,254,76,178,662,221,441,1358,403,955,108,43,65,73,25,48,HI,8
613,141981,4086,1335,2751,11,3,8,1596,532,1064,74,43,31,556,154,402,152,49,103,327,141,186,1343,404,939,6,1,5,21,8,13,HI,8
614,141990,4218,1500,2718,4,1,3,951,374,577,39,14,25,673,202,471,219,83,136,525,190,335,1710,599,1111,64,25,39,33,12,21,HI,8
615,142054,659,87,572,11,0,11,56,17,39,14,2,12,157,20,137,4,1,3,393,44,349,11,2,9,9,0,9,4,1,3,ID,7
616,142090,102,59,43,1,1,0,4,3,1,3,3,0,4,3,1,0,0,0,83,46,37,0,0,0,4,2,2,3,1,2,ID,7
617,142115,26736,11535,15201,107,38,69,700,269,431,426,235,191,3673,1498,2175,113,57,56,19388,8346,11042,1330,597,733,740,340,400,259,155,104,ID,7
618,142179,2402,883,1519,20,7,13,22,6,16,22,8,14,353,129,224,9,3,6,1898,694,1204,24,7,17,54,29,25,0,0,0,ID,7
619,142276,12406,5330,7076,190,73,117,154,63,91,140,83,57,1553,600,953,35,20,15,9050,3847,5203,354,160,194,613,271,342,317,213,104,ID,7
620,142285,10568,5167,5401,77,37,40,173,69,104,122,81,41,1058,468,590,38,19,19,7616,3705,3911,355,175,180,746,352,394,383,261,122,ID,7
621,142294,1116,541,575,7,2,5,23,7,16,27,19,8,144,65,79,7,6,1,631,309,322,56,31,25,19,6,13,202,96,106,ID,7
622,142328,5291,1849,3442,144,57,87,62,21,41,43,21,22,368,130,238,11,8,3,4142,1403,2739,169,71,98,282,100,182,70,38,32,ID,7
623,142443,6585,2555,4030,87,33,54,73,24,49,54,31,23,406,167,239,26,8,18,5123,1965,3158,296,118,178,504,198,306,16,11,5,ID,7
624,142461,7443,3258,4185,33,18,15,164,64,100,71,40,31,1089,423,666,16,7,9,5635,2519,3116,80,29,51,325,141,184,30,17,13,ID,7
625,142522,58767,25922,32845,173,74,99,549,238,311,295,131,164,2001,852,1149,367,142,225,40514,17464,23050,5041,2054,2987,1481,631,850,8346,4336,4010,ID,7
626,142559,13131,4927,8204,67,21,46,149,55,94,115,56,59,2805,926,1879,39,12,27,8662,3358,5304,245,94,151,933,352,581,116,53,63,ID,7
627,142887,208,58,150,1,0,1,8,4,4,20,9,11,72,23,49,0,0,0,96,20,76,11,2,9,0,0,0,0,0,0,IL,3
628,142957,6,3,3,0,0,0,2,2,0,2,1,1,1,0,1,0,0,0,1,0,1,0,0,0,0,0,0,0,0,0,IL,3
629,143048,3109,802,2307,4,0,4,281,60,221,120,38,82,327,98,229,3,1,2,1076,290,786,107,23,84,178,57,121,1013,235,778,IL,3
630,143084,2591,1143,1448,2,1,1,76,21,55,96,43,53,281,106,175,3,2,1,1694,749,945,90,34,56,30,11,19,319,176,143,IL,3
631,143118,4510,1546,2964,12,7,5,120,45,75,309,111,198,1496,452,1044,7,4,3,2059,734,1325,131,47,84,357,134,223,19,12,7,IL,3
632,143215,15048,7356,7692,34,18,16,206,71,135,2878,1183,1695,963,428,535,19,9,10,9376,4814,4562,757,360,397,732,428,304,83,45,38,IL,3
633,143279,7014,2861,4153,13,4,9,285,107,178,934,413,521,1124,422,702,1,0,1,4287,1779,2508,253,88,165,105,41,64,12,7,5,IL,3
634,143288,553,241,312,5,4,1,8,5,3,48,31,17,22,12,10,0,0,0,405,165,240,17,7,10,40,12,28,8,5,3,IL,3
635,143297,204,24,180,1,0,1,2,0,2,5,1,4,2,0,2,0,0,0,181,23,158,2,0,2,11,0,11,0,0,0,IL,3
636,143358,4750,2357,2393,5,1,4,185,85,100,336,136,200,527,227,300,1,1,0,3342,1708,1634,150,71,79,93,50,43,111,78,33,IL,3
637,143613,2727,979,1748,7,4,3,22,5,17,179,73,106,225,85,140,3,3,0,1966,667,1299,100,38,62,225,104,121,0,0,0,IL,3
638,143978,19,3,16,1,1,0,0,0,0,3,0,3,9,1,8,0,0,0,3,1,2,1,0,1,1,0,1,1,0,1,IL,3
639,144005,2490,761,1729,7,3,4,17,7,10,1834,514,1320,225,80,145,2,1,1,73,40,33,0,0,0,269,90,179,63,26,37,IL,3
640,144050,8204,4143,4061,5,4,1,1386,668,718,427,149,278,1059,540,519,1,1,0,2674,1443,1231,496,242,254,697,331,366,1459,765,694,IL,3
641,144157,3799,1545,2254,9,4,5,15,9,6,2993,1072,1921,548,324,224,3,1,2,88,61,27,93,44,49,41,26,15,9,4,5,IL,3
642,144166,10344,2798,7546,7,3,4,452,156,296,3773,923,2850,4878,1296,3582,10,4,6,823,294,529,222,63,159,70,21,49,109,38,71,IL,3
643,144175,3740,1306,2434,5,2,3,2,1,1,2612,894,1718,895,319,576,1,1,0,57,26,31,99,32,67,48,22,26,21,9,12,IL,3
644,144184,10731,4413,6318,16,4,12,1619,684,935,2149,804,1345,4557,1940,2617,6,5,1,1955,816,1139,179,71,108,50,21,29,200,68,132,IL,3
645,144193,10341,4770,5571,14,9,5,92,45,47,1154,514,640,7784,3254,4530,6,2,4,1104,839,265,78,48,30,86,47,39,23,12,11,IL,3
646,144209,10984,4654,6330,22,10,12,846,360,486,3037,1156,1881,4813,2124,2689,6,3,3,1475,656,819,365,156,209,99,36,63,321,153,168,IL,3
647,144218,14034,6028,8006,10,4,6,915,453,462,763,337,426,8840,3656,5184,26,10,16,2970,1320,1650,259,131,128,81,37,44,170,80,90,IL,3
648,144281,7404,3089,4315,14,8,6,271,114,157,1023,406,617,1389,602,787,12,7,5,3770,1553,2217,353,134,219,215,95,120,357,170,187,IL,3
649,144351,1696,715,981,7,7,0,43,22,21,209,99,110,520,208,312,3,3,0,777,320,457,56,30,26,22,8,14,59,18,41,IL,3
650,144564,5790,3010,2780,15,8,7,67,36,31,818,422,396,323,197,126,3,2,1,4055,2099,1956,48,21,27,459,225,234,2,0,2,IL,3
651,144740,16134,7630,8504,28,10,18,1687,933,754,1329,560,769,3130,1341,1789,25,12,13,8242,3948,4294,677,256,421,492,259,233,524,311,213,IL,3
652,144865,39710,18216,21494,70,35,35,4792,2214,2578,2769,1171,1598,9754,4126,5628,2,2,0,19833,9529,10304,1005,479,526,1003,472,531,482,188,294,IL,3
653,144883,562,280,282,1,1,0,13,11,2,367,171,196,85,41,44,1,0,1,22,9,13,4,1,3,0,0,0,69,46,23,IL,3
654,144892,7557,3167,4390,20,3,17,259,129,130,1193,520,673,1050,434,616,4,4,0,4432,1782,2650,159,72,87,303,140,163,137,83,54,IL,3
655,144944,14467,6586,7881,33,14,19,936,433,503,576,257,319,6513,2709,3804,8,4,4,5364,2686,2678,484,232,252,488,213,275,65,38,27,IL,3
656,144962,3165,1214,1951,7,6,1,186,62,124,167,74,93,756,246,510,6,3,3,1783,697,1086,82,41,41,146,65,81,32,20,12,IL,3
657,144971,586,304,282,4,1,3,3,0,3,48,36,12,15,10,5,1,1,0,465,224,241,16,10,6,16,10,6,18,12,6,IL,3
658,145239,721,113,608,0,0,0,43,17,26,82,10,72,214,27,187,6,1,5,353,58,295,18,0,18,5,0,5,0,0,0,IL,3
659,145336,3899,1428,2471,4,1,3,70,39,31,1543,476,1067,591,182,409,4,2,2,1182,522,660,107,41,66,354,140,214,44,25,19,IL,3
660,145372,1019,556,463,1,0,1,4,4,0,126,88,38,66,36,30,2,1,1,656,310,346,31,20,11,24,6,18,109,91,18,IL,3
661,145497,256,60,196,0,0,0,1,1,0,0,0,0,3,1,2,0,0,0,242,52,190,3,1,2,6,5,1,1,0,1,IL,3
662,145521,2907,1210,1697,14,5,9,22,9,13,218,91,127,166,61,105,6,4,2,2321,969,1352,84,30,54,68,35,33,8,6,2,IL,3
663,145600,23451,11310,12141,12,8,4,4734,2421,2313,1821,661,1160,7775,3333,4442,11,6,5,6224,3216,3008,684,317,367,474,227,247,1716,1121,595,IL,3
664,145619,3084,1387,1697,35,15,20,470,186,284,270,150,120,511,205,306,13,5,8,1303,614,689,0,0,0,428,181,247,54,31,23,IL,3
665,145637,36277,19616,16661,12,6,6,6874,3997,2877,2236,873,1363,4494,2124,2370,22,17,5,15238,8084,7154,1228,630,598,635,353,282,5538,3532,2006,IL,3
666,145646,1643,787,856,0,0,0,107,43,64,112,54,58,141,62,79,1,1,0,1147,568,579,40,18,22,20,9,11,75,32,43,IL,3
667,145682,12302,5092,7210,25,15,10,267,102,165,1458,495,963,720,280,440,12,3,9,8947,3840,5107,606,255,351,17,4,13,250,98,152,IL,3
668,145691,1115,531,584,1,1,0,9,6,3,116,50,66,74,30,44,0,0,0,806,383,423,39,20,19,5,2,3,65,39,26,IL,3
669,145707,1557,560,997,4,1,3,12,2,10,26,13,13,23,13,10,2,0,2,1449,513,936,35,15,20,6,3,3,0,0,0,IL,3
670,145725,3402,2321,1081,2,2,0,523,343,180,181,121,60,565,389,176,1,1,0,1224,877,347,112,76,36,208,139,69,586,373,213,IL,3
671,145813,19798,8899,10899,22,7,15,469,228,241,1864,801,1063,2263,998,1265,21,13,8,14193,6396,7797,658,305,353,101,51,50,207,100,107,IL,3
672,145831,4376,1886,2490,10,4,6,53,19,34,75,45,30,790,319,471,3,0,3,3188,1380,1808,80,37,43,177,82,95,0,0,0,IL,3
673,146205,10178,4637,5541,35,23,12,94,35,59,912,330,582,201,88,113,4,1,3,8044,3795,4249,28,9,19,860,356,504,0,0,0,IL,3
674,146278,2696,1049,1647,4,1,3,25,7,18,102,44,58,52,26,26,2,2,0,2409,933,1476,66,22,44,36,14,22,0,0,0,IL,3
675,146296,22871,9910,12961,60,27,33,660,278,382,2219,816,1403,6582,2642,3940,7,6,1,12144,5569,6575,748,340,408,398,202,196,53,30,23,IL,3
676,146339,1196,487,709,0,0,0,26,7,19,187,73,114,243,103,140,2,2,0,522,208,314,21,7,14,146,57,89,49,30,19,IL,3
677,146348,4629,1800,2829,9,4,5,37,7,30,574,169,405,828,328,500,2,1,1,2769,1106,1663,185,91,94,203,80,123,22,14,8,IL,3
678,146366,5513,2328,3185,17,12,5,66,31,35,298,175,123,137,68,69,3,2,1,4775,1931,2844,182,87,95,35,22,13,0,0,0,IL,3
679,146418,4508,1927,2581,27,10,17,62,28,34,672,283,389,1017,444,573,0,0,0,2487,1065,1422,162,58,104,63,31,32,18,8,10,IL,3
680,146427,1290,551,739,1,1,0,60,25,35,98,43,55,172,64,108,3,3,0,595,227,368,77,32,45,28,11,17,256,145,111,IL,3
681,146472,22861,10284,12577,22,11,11,1266,537,729,1384,523,861,8930,3842,5088,34,16,18,9275,4461,4814,712,337,375,906,448,458,332,109,223,IL,3
682,146481,1696,717,979,7,1,6,84,35,49,73,35,38,243,75,168,4,3,1,943,413,530,66,33,33,96,43,53,180,79,101,IL,3
683,146506,14789,9871,4918,45,33,12,111,75,36,2514,2237,277,968,759,209,9,7,2,9906,5916,3990,313,180,133,886,643,243,37,21,16,IL,3
684,146533,200,37,163,2,0,2,15,6,9,21,4,17,6,1,5,0,0,0,151,25,126,4,1,3,1,0,1,0,0,0,IL,3
685,146603,8377,3754,4623,54,24,30,98,42,56,719,301,418,193,91,102,11,6,5,6500,2893,3607,27,6,21,775,391,384,0,0,0,IL,3
686,146612,4941,2517,2424,6,2,4,279,142,137,313,153,160,1122,532,590,10,7,3,2863,1469,1394,114,60,54,131,74,57,103,78,25,IL,3
687,146667,405,212,193,0,0,0,4,3,1,34,20,14,9,6,3,1,0,1,335,173,162,4,1,3,1,1,0,17,8,9,IL,3
688,146676,1234,538,696,6,4,2,8,4,4,513,252,261,71,36,35,2,1,1,499,178,321,48,20,28,47,16,31,40,27,13,IL,3
689,146685,9665,3846,5819,59,26,33,180,92,88,979,368,611,433,176,257,5,3,2,6559,2699,3860,519,197,322,931,285,646,0,0,0,IL,3
690,146700,1166,747,419,5,3,2,13,13,0,367,188,179,596,398,198,0,0,0,136,114,22,31,17,14,18,14,4,0,0,0,IL,3
691,146719,13878,4625,9253,12,3,9,1626,521,1105,725,237,488,2265,762,1503,28,9,19,7547,2442,5105,568,175,393,594,234,360,513,242,271,IL,3
692,146755,223,19,204,0,0,0,11,2,9,8,0,8,14,2,12,2,1,1,166,10,156,20,3,17,2,1,1,0,0,0,IL,3
693,146816,408,121,287,2,0,2,5,3,2,237,68,169,81,30,51,1,0,1,60,13,47,20,7,13,1,0,1,1,0,1,IL,3
694,147004,11434,5491,5943,6,2,4,269,116,153,183,86,97,2743,1220,1523,6,4,2,7098,3498,3600,497,255,242,622,303,319,10,7,3,IL,3
695,147013,2218,1053,1165,6,2,4,14,7,7,281,168,113,116,57,59,5,2,3,1309,544,765,98,49,49,287,146,141,102,78,24,IL,3
696,147129,778,79,699,6,0,6,21,4,17,99,9,90,20,1,19,0,0,0,602,62,540,23,2,21,7,1,6,0,0,0,IL,3
697,147244,2151,957,1194,3,0,3,43,16,27,294,187,107,105,57,48,1,0,1,1468,590,878,69,33,36,92,46,46,76,28,48,IL,3
698,147341,926,462,464,2,2,0,10,4,6,83,49,34,99,49,50,0,0,0,620,302,318,26,15,11,50,16,34,36,25,11,IL,3
699,147369,2577,1333,1244,7,2,5,82,43,39,142,79,63,190,120,70,7,4,3,1491,772,719,92,47,45,374,163,211,192,103,89,IL,3
700,147378,21075,10276,10799,53,35,18,651,327,324,2078,892,1186,5000,2358,2642,14,5,9,10115,5028,5087,522,274,248,2453,1258,1195,189,99,90,IL,3
701,147396,95,93,2,0,0,0,0,0,0,2,2,0,8,8,0,1,1,0,84,82,2,0,0,0,0,0,0,0,0,0,IL,3
702,147411,6682,2794,3888,14,11,3,78,42,36,182,77,105,5639,2293,3346,4,2,2,378,164,214,29,18,11,358,187,171,0,0,0,IL,3
703,147536,4449,1161,3288,10,2,8,110,41,69,994,230,764,1925,528,1397,5,1,4,823,209,614,77,22,55,396,77,319,109,51,58,IL,3
704,147590,88,26,62,1,0,1,9,4,5,13,3,10,12,4,8,2,0,2,41,11,30,2,1,1,7,2,5,1,1,0,IL,3
705,147660,2746,1276,1470,1,0,1,96,35,61,124,70,54,424,185,239,3,1,2,1786,835,951,97,44,53,123,57,66,92,49,43,IL,3
706,147679,2067,795,1272,5,0,5,185,62,123,205,97,108,618,225,393,11,8,3,791,290,501,59,26,33,70,26,44,123,61,62,IL,3
707,147703,13333,6545,6788,12,6,6,777,435,342,2267,935,1332,2575,1199,1376,11,3,8,6897,3559,3338,496,220,276,29,17,12,269,171,98,IL,3
708,147767,9827,4665,5162,8,3,5,1745,856,889,603,242,361,1185,565,620,5,2,3,4319,2062,2257,582,261,321,504,225,279,876,449,427,IL,3
709,147776,6822,2963,3859,9,6,3,645,357,288,722,297,425,2637,1027,1610,21,13,8,1833,876,957,118,47,71,678,275,403,159,65,94,IL,3
710,147800,17064,8281,8783,25,13,12,3245,1527,1718,858,367,491,2488,1082,1406,47,26,21,9048,4578,4470,497,285,212,510,267,243,346,136,210,IL,3
711,147828,3440,1399,2041,3,2,1,77,21,56,328,137,191,342,118,224,4,2,2,2449,1040,1409,109,45,64,89,15,74,39,19,20,IL,3
712,147916,10349,4749,5600,16,7,9,566,265,301,1463,631,832,1005,462,543,3,1,2,5695,2590,3105,453,193,260,766,368,398,382,232,150,IL,3
713,148007,7535,3241,4294,27,13,14,70,32,38,4033,1580,2453,1539,642,897,3,2,1,1229,674,555,98,40,58,489,226,263,47,32,15,IL,3
714,148016,425,220,205,0,0,0,13,2,11,8,5,3,20,11,9,2,1,1,289,150,139,9,4,5,9,5,4,75,42,33,IL,3
715,148131,1136,552,584,4,0,4,9,1,8,125,108,17,43,24,19,1,1,0,835,359,476,3,1,2,85,37,48,31,21,10,IL,3
716,148256,3612,1714,1898,18,13,5,25,9,16,145,70,75,70,29,41,4,2,2,3286,1563,1723,33,13,20,28,14,14,3,1,2,IL,3
717,148292,4192,1710,2482,12,3,9,63,26,37,704,223,481,123,48,75,5,2,3,3040,1306,1734,107,34,73,129,64,65,9,4,5,IL,3
718,148380,9801,4308,5493,38,15,23,379,170,209,1121,476,645,2249,860,1389,12,3,9,5438,2519,2919,202,76,126,323,169,154,39,20,19,IL,3
719,148405,1153,495,658,4,0,4,28,12,16,116,73,43,202,84,118,0,0,0,601,218,383,35,19,16,42,18,24,125,71,54,IL,3
720,148487,4464,1839,2625,12,2,10,202,83,119,903,395,508,1249,469,780,9,5,4,1590,673,917,117,49,68,231,92,139,151,71,80,IL,3
721,148496,2308,741,1567,5,1,4,83,22,61,118,30,88,1289,392,897,2,0,2,618,209,409,28,9,19,124,51,73,41,27,14,IL,3
722,148511,129,47,82,0,0,0,6,3,3,23,4,19,39,16,23,1,1,0,41,13,28,2,2,0,16,8,8,1,0,1,IL,3
723,148575,464,67,397,0,0,0,9,4,5,17,2,15,15,3,12,0,0,0,401,58,343,20,0,20,1,0,1,1,0,1,IL,3
724,148584,2044,658,1386,3,3,0,58,18,40,191,81,110,430,138,292,1,0,1,1215,357,858,54,23,31,36,7,29,56,31,25,IL,3
725,148593,126,13,113,1,0,1,3,1,2,10,2,8,4,1,3,0,0,0,108,9,99,0,0,0,0,0,0,0,0,0,IL,3
726,148627,3252,1207,2045,3,2,1,89,41,48,377,132,245,1295,455,840,2,1,1,1315,505,810,72,29,43,99,42,57,0,0,0,IL,3
727,148654,3125,1539,1586,5,5,0,115,63,52,444,188,256,317,137,180,2,1,1,1975,995,980,130,63,67,42,27,15,95,60,35,IL,3
728,148672,2659,1087,1572,3,2,1,43,15,28,74,32,42,436,179,257,1,0,1,1990,796,1194,46,21,25,66,42,24,0,0,0,IL,3
729,148821,3006,1058,1948,26,10,16,15,6,9,389,114,275,98,36,62,2,1,1,2366,841,1525,0,0,0,110,50,60,0,0,0,IL,3
730,148876,1379,328,1051,2,0,2,66,43,23,45,10,35,1192,252,940,1,0,1,21,6,15,2,2,0,24,5,19,26,10,16,IL,3
731,148937,3758,1551,2207,12,8,4,21,7,14,97,41,56,61,28,33,0,0,0,3247,1325,1922,80,33,47,230,103,127,10,6,4,IL,3
732,148991,1986,741,1245,12,0,12,17,4,13,161,70,91,66,31,35,1,0,1,1671,619,1052,16,5,11,42,12,30,0,0,0,IL,3
733,149028,246,30,216,2,0,2,6,1,5,15,3,12,31,2,29,2,1,1,178,21,157,11,1,10,0,0,0,1,1,0,IL,3
734,149222,9523,5153,4370,34,18,16,206,116,90,1315,619,696,917,516,401,13,5,8,6402,3504,2898,296,142,154,7,1,6,333,232,101,IL,3
735,149231,11861,5371,6490,31,15,16,274,133,141,1612,599,1013,580,283,297,17,6,11,8550,3960,4590,439,166,273,154,80,74,204,129,75,IL,3
736,149310,178,95,83,0,0,0,0,0,0,42,9,33,5,1,4,0,0,0,1,0,1,0,0,0,0,0,0,130,85,45,IL,3
737,149329,73,73,0,0,0,0,0,0,0,0,0,0,0,0,0,0,0,0,73,73,0,0,0,0,0,0,0,0,0,0,IL,3
738,149365,9062,3806,5256,43,21,22,125,69,56,4809,1766,3043,1874,810,1064,49,23,26,1632,885,747,228,99,129,298,131,167,4,2,2,IL,3
739,149505,1317,434,883,8,2,6,31,12,19,128,45,83,197,56,141,3,2,1,837,282,555,14,3,11,46,11,35,53,21,32,IL,3
740,149514,870,495,375,1,1,0,62,31,31,111,93,18,67,40,27,1,0,1,511,265,246,32,18,14,67,34,33,18,13,5,IL,3
741,149532,16431,7796,8635,26,11,15,465,206,259,2277,870,1407,6915,2931,3984,25,17,8,5277,2902,2375,338,156,182,943,628,315,165,75,90,IL,3
742,149639,133,78,55,0,0,0,2,1,1,10,5,5,23,19,4,1,0,1,37,15,22,5,3,2,54,34,20,1,1,0,IL,3
743,149727,15423,6904,8519,19,14,5,577,252,325,1062,399,663,5793,2409,3384,15,8,7,7205,3467,3738,353,156,197,303,165,138,96,34,62,IL,3
744,149763,1004,164,840,6,1,5,152,34,118,224,36,188,241,35,206,8,2,6,272,38,234,48,7,41,52,10,42,1,1,0,IL,3
745,149772,6853,3272,3581,9,3,6,91,41,50,1318,539,779,861,401,460,6,1,5,4158,2085,2073,194,91,103,131,68,63,85,43,42,IL,3
746,149781,2654,1209,1445,3,0,3,259,109,150,74,43,31,173,80,93,3,3,0,1862,845,1017,151,72,79,27,19,8,102,38,64,IL,3
747,149842,23552,10445,13107,50,31,19,3211,1440,1771,1005,406,599,6362,2612,3750,8,4,4,11452,5247,6205,584,280,304,734,362,372,146,63,83,IL,3
748,150048,469,169,300,1,0,1,2,1,1,110,33,77,47,22,25,0,0,0,289,108,181,15,3,12,0,0,0,5,2,3,IN,3
749,150066,1670,678,992,2,1,1,15,6,9,130,64,66,82,35,47,2,2,0,1320,521,799,83,28,55,17,12,5,19,9,10,IN,3
750,150136,17636,6996,10640,9,2,7,269,96,173,1420,544,876,1038,428,610,16,8,8,13572,5385,8187,685,281,404,399,161,238,228,91,137,IN,3
751,150145,1434,528,906,3,2,1,16,6,10,157,52,105,147,58,89,0,0,0,963,343,620,94,33,61,14,5,9,40,29,11,IN,3
752,150163,4808,1912,2896,9,1,8,163,54,109,173,82,91,238,102,136,1,0,1,3938,1547,2391,170,70,100,43,20,23,73,36,37,IN,3
753,150172,948,636,312,2,0,2,7,4,3,184,102,82,184,96,88,1,1,0,222,112,110,15,9,6,333,312,21,0,0,0,IN,3
754,150400,1998,959,1039,3,3,0,67,25,42,112,53,59,186,71,115,0,0,0,1264,618,646,55,26,29,37,18,19,274,145,129,IN,3
755,150455,990,417,573,0,0,0,32,13,19,69,30,39,78,33,45,0,0,0,480,197,283,48,26,22,67,16,51,216,102,114,IN,3
756,150534,2355,969,1386,1,1,0,58,22,36,88,38,50,84,39,45,2,1,1,1599,629,970,68,27,41,244,77,167,211,135,76,IN,3
757,150604,953,458,495,3,0,3,7,0,7,32,18,14,37,17,20,0,0,0,812,387,425,28,14,14,30,20,10,4,2,2,IN,3
758,150668,865,329,536,1,0,1,20,8,12,37,16,21,197,62,135,2,1,1,503,189,314,19,6,13,23,12,11,63,35,28,IN,3
759,150677,1668,643,1025,2,0,2,17,8,9,65,24,41,134,50,84,0,0,0,1333,508,825,40,15,25,56,27,29,21,11,10,IN,3
760,150756,1083,486,597,4,0,4,7,1,6,54,29,25,38,10,28,3,3,0,805,346,459,31,14,17,105,55,50,36,28,8,IN,3
761,150774,449,255,194,5,1,4,6,5,1,30,22,8,101,46,55,0,0,0,261,152,109,19,12,7,15,8,7,12,9,3,IN,3
762,150941,1221,525,696,3,2,1,9,8,1,32,17,15,70,28,42,3,2,1,1006,415,591,56,25,31,0,0,0,42,28,14,IN,3
763,150987,162646,72347,90299,568,299,269,3257,1438,1819,15887,5820,10067,6809,3066,3743,227,111,116,114502,54525,59977,7353,3169,4184,12786,3355,9431,1257,564,693,IN,3
764,151102,11112,5158,5954,19,7,12,422,191,231,618,253,365,880,414,466,9,6,3,8418,3931,4487,483,189,294,33,19,14,230,148,82,IN,3
765,151111,24230,10004,14226,28,10,18,1322,578,744,2402,842,1560,2218,809,1409,7,4,3,16019,6676,9343,1152,431,721,131,65,66,951,589,362,IN,3
766,151263,4789,1739,3050,4,2,2,104,33,71,552,193,359,350,117,233,5,3,2,3102,1069,2033,165,64,101,176,60,116,331,198,133,IN,3
767,151290,1682,1049,633,1,1,0,40,27,13,297,146,151,114,61,53,4,2,2,847,529,318,71,38,33,71,48,23,237,197,40,IN,3
768,151306,10319,3852,6467,15,3,12,162,56,106,406,135,271,425,164,261,7,3,4,8741,3259,5482,318,103,215,75,30,45,170,99,71,IN,3
769,151324,11509,5085,6424,38,15,23,160,71,89,2013,782,1231,610,271,339,10,5,5,7867,3519,4348,472,201,271,78,32,46,261,189,72,IN,3
770,151333,3457,1205,2252,8,3,5,54,22,32,134,49,85,222,84,138,1,1,0,2805,956,1849,114,40,74,69,32,37,50,18,32,IN,3
771,151342,5256,1937,3319,5,1,4,112,53,59,408,138,270,706,252,454,4,3,1,3554,1291,2263,262,98,164,42,14,28,163,87,76,IN,3
772,151351,34790,17519,17271,32,16,16,2268,1209,1059,1710,666,1044,2594,1236,1358,8,3,5,23543,11925,11618,1641,771,870,103,57,46,2891,1636,1255,IN,3
773,151360,4308,1264,3044,3,2,1,132,55,77,652,171,481,986,257,729,3,1,2,2279,687,1592,165,60,105,53,15,38,35,16,19,IN,3
774,151379,5265,2076,3189,8,1,7,116,42,74,360,152,208,260,94,166,3,2,1,4231,1666,2565,199,79,120,31,17,14,57,23,34,IN,3
775,151388,5029,1959,3070,8,6,2,119,58,61,267,108,159,246,103,143,3,2,1,3734,1399,2335,206,72,134,281,118,163,165,93,72,IN,3
776,151467,410,62,348,0,0,0,6,3,3,31,4,27,38,6,32,1,0,1,301,43,258,27,3,24,6,3,3,0,0,0,IN,3
777,151661,1258,1155,103,4,1,3,34,34,0,275,248,27,122,114,8,1,1,0,762,702,60,50,45,5,9,9,0,1,1,0,IN,3
778,151777,1134,533,601,5,2,3,15,5,10,107,70,37,87,37,50,0,0,0,800,356,444,55,30,25,34,18,16,31,15,16,IN,3
779,151786,3760,1150,2610,3,2,1,156,34,122,523,149,374,207,79,128,4,0,4,2538,758,1780,148,49,99,125,47,78,56,32,24,IN,3
780,151801,2830,1011,1819,4,1,3,51,14,37,107,54,53,128,45,83,3,1,2,2340,816,1524,98,35,63,54,22,32,45,23,22,IN,3
781,151810,272,78,194,0,0,0,2,0,2,258,75,183,1,0,1,0,0,0,6,2,4,4,0,4,1,1,0,0,0,0,IN,3
782,151962,240,95,145,0,0,0,0,0,0,28,13,15,5,2,3,1,1,0,203,76,127,2,2,0,1,1,0,0,0,0,IN,3
783,152080,8925,4646,4279,22,9,13,408,192,216,325,160,165,1018,483,535,9,8,1,5932,3184,2748,479,236,243,113,67,46,619,307,312,IN,3
784,152099,1288,611,677,7,4,3,18,8,10,65,35,30,57,28,29,0,0,0,1005,463,542,53,27,26,60,30,30,23,16,7,IN,3
785,152318,2022,1529,493,4,3,1,117,86,31,81,59,22,93,50,43,2,1,1,1325,1026,299,90,57,33,18,13,5,292,234,58,IN,3
786,152336,2006,574,1432,2,0,2,32,7,25,192,85,107,193,50,143,0,0,0,1445,387,1058,65,23,42,56,7,49,21,15,6,IN,3
787,152381,881,129,752,0,0,0,6,2,4,53,16,37,23,12,11,2,0,2,710,91,619,42,5,37,36,2,34,9,1,8,IN,3
788,152390,1516,12,1504,2,0,2,26,0,26,33,0,33,215,0,215,1,0,1,1112,1,1111,47,0,47,65,11,54,15,0,15,IN,3
789,152530,2453,1102,1351,11,3,8,72,24,48,86,50,36,120,55,65,10,1,9,1988,887,1101,36,20,16,1,0,1,129,62,67,IN,3
790,152567,4240,2216,2024,10,4,6,102,42,60,169,94,75,332,144,188,0,0,0,3302,1737,1565,157,83,74,72,35,37,96,77,19,IN,3
791,152600,3176,1399,1777,4,1,3,70,23,47,167,81,86,333,125,208,1,1,0,2261,973,1288,98,39,59,106,58,48,136,98,38,IN,3
792,152637,20019,10618,9401,84,49,35,397,187,210,1840,836,1004,4232,2035,2197,31,20,11,11921,6689,5232,569,275,294,898,499,399,47,28,19,IN,3
793,152673,871,871,0,0,0,0,8,8,0,40,40,0,83,83,0,0,0,0,658,658,0,29,29,0,13,13,0,40,40,0,IN,3
794,152798,471,44,427,1,0,1,6,1,5,7,4,3,11,1,10,0,0,0,399,31,368,12,2,10,35,5,30,0,0,0,IA,4
795,152992,942,427,515,10,2,8,23,8,15,105,72,33,169,76,93,11,8,3,555,210,345,13,10,3,7,3,4,49,38,11,IA,4
796,153001,1964,658,1306,9,2,7,21,9,12,44,29,15,133,61,72,1,1,0,1436,467,969,51,24,27,242,55,187,27,10,17,IA,4
797,153108,1463,731,732,4,1,3,50,18,32,55,35,20,116,72,44,3,2,1,1135,558,577,45,21,24,49,22,27,6,2,4,IA,4
798,153126,722,337,385,3,2,1,8,5,3,65,46,19,81,60,21,4,3,1,494,183,311,19,12,7,28,12,16,20,14,6,IA,4
799,153144,1468,667,801,6,2,4,69,31,38,105,40,65,171,76,95,2,2,0,955,452,503,36,11,25,96,43,53,28,10,18,IA,4
800,153162,1045,556,489,11,3,8,31,13,18,63,40,23,77,30,47,4,3,1,730,389,341,17,8,9,37,24,13,75,46,29,IA,4
801,153214,36961,16712,20249,88,41,47,1620,764,856,2201,892,1309,2899,1247,1652,18,10,8,25538,11529,14009,874,327,547,3539,1795,1744,184,107,77,IA,4
802,153241,82,44,38,0,0,0,13,12,1,1,1,0,1,1,0,0,0,0,3,2,1,0,0,0,0,0,0,64,28,36,IA,4
803,153250,1530,820,710,6,5,1,15,7,8,16,14,2,41,27,14,1,1,0,1209,637,572,13,9,4,98,51,47,131,69,62,IA,4
804,153269,3071,1265,1806,2,0,2,143,59,84,175,69,106,215,80,135,0,0,0,2311,948,1363,101,40,61,11,6,5,113,63,50,IA,4
805,153278,2077,1152,925,4,3,1,28,16,12,297,191,106,162,85,77,7,5,2,1296,631,665,58,32,26,87,56,31,138,133,5,IA,4
806,153296,892,424,468,2,1,1,3,3,0,150,140,10,47,25,22,4,4,0,603,206,397,26,16,10,33,17,16,24,12,12,IA,4
807,153302,232,104,128,4,1,3,8,4,4,9,5,4,15,6,9,0,0,0,175,81,94,7,1,6,8,4,4,6,2,4,IA,4
808,153311,12944,5559,7385,34,20,14,570,297,273,882,342,540,1324,553,771,19,7,12,8908,3769,5139,468,178,290,725,383,342,14,10,4,IA,4
809,153320,393,183,210,2,1,1,11,4,7,5,3,2,4,1,3,1,1,0,339,157,182,15,7,8,7,4,3,9,5,4,IA,4
810,153366,1119,488,631,6,0,6,14,4,10,99,65,34,110,62,48,17,15,2,701,251,450,43,19,24,67,35,32,62,37,25,IA,4
811,153375,2042,944,1098,7,3,4,69,28,41,179,119,60,164,72,92,3,3,0,1282,548,734,76,28,48,201,93,108,61,50,11,IA,4
812,153384,1754,830,924,0,0,0,134,59,75,79,28,51,139,57,82,0,0,0,874,413,461,77,35,42,103,53,50,348,185,163,IA,4
813,153427,231,91,140,0,0,0,1,1,0,34,12,22,27,10,17,0,0,0,152,63,89,16,4,12,1,1,0,0,0,0,IA,4
814,153445,7022,3118,3904,14,8,6,150,57,93,577,250,327,340,135,205,21,7,14,5637,2537,3100,236,92,144,1,0,1,46,32,14,IA,4
815,153472,4539,2102,2437,21,12,9,64,21,43,234,139,95,308,152,156,4,0,4,3483,1527,1956,133,59,74,164,104,60,128,88,40,IA,4
816,153524,7619,3794,3825,54,31,23,147,74,73,842,558,284,762,360,402,22,16,6,5052,2342,2710,188,114,74,367,177,190,185,122,63,IA,4
817,153533,2585,1249,1336,13,4,9,27,17,10,131,68,63,108,32,76,9,2,7,1819,851,968,11,8,3,411,223,188,56,44,12,IA,4
818,153603,29246,16812,12434,53,29,24,1056,652,404,759,422,337,1854,914,940,18,14,4,21890,12514,9376,762,395,367,1237,743,494,1617,1129,488,IA,4
819,153621,769,324,445,3,1,2,6,2,4,117,62,55,64,30,34,3,2,1,335,102,233,47,19,28,87,30,57,107,76,31,IA,4
820,153630,9097,4328,4769,91,40,51,212,116,96,765,432,333,698,303,395,15,11,4,6638,3010,3628,29,14,15,260,142,118,389,260,129,IA,4
821,153658,25755,11877,13878,51,28,23,1095,497,598,800,360,440,2033,870,1163,19,7,12,18553,8508,10045,873,363,510,898,466,432,1433,778,655,IA,4
822,153737,18617,8498,10119,63,34,29,403,189,214,1943,941,1002,1122,473,649,22,10,12,13137,5896,7241,546,238,308,862,439,423,519,278,241,IA,4
823,153825,1399,785,614,0,0,0,10,5,5,54,38,16,132,78,54,2,1,1,1074,585,489,35,21,14,62,42,20,30,15,15,IA,4
824,153834,1984,854,1130,6,6,0,41,12,29,46,27,19,111,54,57,8,6,2,1534,613,921,43,18,25,10,4,6,185,114,71,IA,4
825,153861,612,176,436,7,1,6,14,6,8,42,18,24,43,12,31,0,0,0,179,48,131,11,4,7,297,82,215,19,5,14,IA,4
826,153922,2344,983,1361,58,26,32,63,21,42,71,38,33,468,179,289,4,2,2,1231,477,754,41,15,26,325,161,164,83,64,19,IA,4
827,153977,1027,168,859,3,1,2,51,8,43,92,19,73,75,14,61,3,2,1,740,114,626,21,1,20,42,9,33,0,0,0,IA,4
828,154004,1373,687,686,8,5,3,16,7,9,39,33,6,99,41,58,1,1,0,982,448,534,52,26,26,110,73,37,66,53,13,IA,4
829,154013,1654,546,1108,11,4,7,25,12,13,144,48,96,17,8,9,8,4,4,1261,381,880,37,10,27,98,41,57,53,38,15,IA,4
830,154022,62680,21029,41651,415,122,293,1182,574,608,19939,5242,14697,10194,3697,6497,568,213,355,25923,9693,16230,2574,876,1698,1791,579,1212,94,33,61,CA,8
831,154059,3708,1576,2132,7,1,6,43,24,19,137,74,63,240,96,144,4,2,2,3125,1299,1826,71,31,40,13,3,10,68,46,22,IA,4
832,154095,9872,4028,5844,12,2,10,149,55,94,252,123,129,452,172,280,10,5,5,8096,3248,4848,258,116,142,379,155,224,264,152,112,IA,4
833,154101,1147,509,638,1,0,1,12,5,7,18,14,4,59,26,33,0,0,0,927,407,520,23,13,10,66,22,44,41,22,19,IA,4
834,154110,5394,2179,3215,18,9,9,45,11,34,168,63,105,169,76,93,17,3,14,4764,1926,2838,93,38,55,117,51,66,3,2,1,IA,4
835,154129,2753,1069,1684,23,10,13,56,21,35,131,48,83,243,79,164,4,1,3,2189,861,1328,36,14,22,71,35,36,0,0,0,IA,4
836,154174,53,35,18,0,0,0,2,1,1,4,3,1,4,2,2,0,0,0,39,27,12,2,0,2,2,2,0,0,0,0,IA,4
837,154235,2397,1084,1313,4,2,2,36,16,20,118,75,43,206,98,108,4,0,4,1745,711,1034,77,38,39,95,42,53,112,102,10,IA,4
838,154262,267,21,246,6,0,6,8,2,6,7,0,7,22,7,15,2,0,2,213,10,203,8,2,6,1,0,1,0,0,0,IA,4
839,154350,1437,674,763,4,0,4,22,10,12,46,24,22,92,42,50,1,1,0,1130,528,602,60,29,31,64,31,33,18,9,9,IA,4
840,154378,3326,1349,1977,92,41,51,57,26,31,163,57,106,165,59,106,7,1,6,874,306,568,51,19,32,1802,750,1052,115,90,25,IA,4
841,154396,2053,768,1285,5,1,4,13,5,8,95,45,50,94,52,42,1,1,0,1744,619,1125,38,13,25,21,8,13,42,24,18,IA,4
842,154493,5589,2146,3443,13,7,6,97,38,59,1204,391,813,358,161,197,24,10,14,3385,1340,2045,115,35,80,187,80,107,206,84,122,IA,4
843,154518,4101,2533,1568,20,8,12,47,27,20,254,134,120,129,80,49,14,10,4,1156,734,422,37,24,13,2363,1461,902,81,55,26,IA,4
844,154527,1563,714,849,2,0,2,20,7,13,57,38,19,75,33,42,3,2,1,1210,540,670,48,26,22,27,11,16,121,57,64,IA,4
845,154572,7742,2981,4761,101,43,58,170,73,97,333,137,196,1333,503,830,8,3,5,5012,1919,3093,217,65,152,164,69,95,404,169,235,IA,4
846,154590,1350,721,629,11,5,6,15,4,11,287,214,73,131,75,56,5,3,2,735,325,410,38,17,21,79,40,39,49,38,11,IA,4
847,154642,3750,1416,2334,58,21,37,55,19,36,188,93,95,266,128,138,5,1,4,3013,1092,1921,138,45,93,25,15,10,2,2,0,KS,4
848,154688,2090,863,1227,14,5,9,50,17,33,129,53,76,152,62,90,5,3,2,1573,641,932,96,43,53,45,15,30,26,24,2,KS,4
849,154697,13061,5807,7254,110,50,60,852,528,324,1512,722,790,1670,743,927,76,38,38,8049,3325,4724,440,177,263,303,183,120,49,41,8,KS,4
850,154712,2184,1045,1139,12,6,6,29,9,20,64,53,11,207,99,108,8,7,1,1694,776,918,93,51,42,35,17,18,42,27,15,KS,4
851,154721,826,439,387,8,6,2,14,6,8,120,88,32,147,82,65,5,3,2,487,226,261,45,28,17,0,0,0,0,0,0,KS,4
852,154749,486,253,233,6,3,3,8,3,5,92,80,12,51,25,26,0,0,0,291,116,175,9,4,5,4,1,3,25,21,4,KS,4
853,154800,11237,4368,6869,150,74,76,582,235,347,939,445,494,1491,506,985,36,18,18,6907,2574,4333,0,0,0,820,327,493,312,189,123,KS,4
854,154855,842,352,490,15,5,10,3,1,2,142,56,86,93,46,47,2,0,2,483,196,287,33,12,21,45,15,30,26,21,5,KS,4
855,154907,2622,1068,1554,16,11,5,34,9,25,162,61,101,176,80,96,4,2,2,1803,677,1126,107,40,67,170,82,88,150,106,44,KS,4
856,154925,2258,1138,1120,97,32,65,6,1,5,357,242,115,174,89,85,8,6,2,1400,662,738,179,84,95,0,0,0,37,22,15,KS,4
857,154934,2369,878,1491,17,6,11,14,6,8,172,124,48,119,42,77,5,2,3,1677,535,1142,236,92,144,67,30,37,62,41,21,KS,4
858,154952,4045,1534,2511,94,41,53,91,29,62,246,100,146,448,163,285,9,3,6,2734,1000,1734,219,88,131,47,19,28,157,91,66,KS,4
859,154998,2180,1018,1162,18,8,10,32,12,20,169,137,32,912,387,525,2,1,1,1003,458,545,41,15,26,3,0,3,0,0,0,KS,4
860,155007,499,152,347,8,6,2,27,7,20,164,35,129,144,47,97,1,0,1,127,45,82,19,10,9,6,2,4,3,0,3,KS,4
861,155025,3819,1406,2413,14,6,8,37,16,21,167,97,70,290,104,186,3,0,3,2510,857,1653,358,133,225,156,57,99,284,136,148,KS,4
862,155052,2393,1312,1081,18,10,8,37,17,20,59,21,38,505,241,264,5,3,2,1681,972,709,83,48,35,1,0,1,4,0,4,KS,4
863,155061,15141,6181,8960,50,23,27,150,56,94,485,237,248,1222,486,736,7,3,4,7726,2989,4737,376,153,223,57,28,29,5068,2206,2862,KS,4
864,155070,198,105,93,6,5,1,3,3,0,38,28,10,14,7,7,1,1,0,116,54,62,12,5,7,6,2,4,2,0,2,KS,4
865,155089,1865,821,1044,19,9,10,109,57,52,140,82,58,172,78,94,5,2,3,1007,405,602,104,45,59,277,116,161,32,27,5,KS,4
866,155098,2582,1250,1332,16,6,10,12,6,6,242,194,48,181,85,96,6,4,2,1998,899,1099,112,48,64,0,0,0,15,8,7,KS,4
867,155104,2584,1197,1387,19,9,10,68,34,34,250,177,73,1203,478,725,9,9,0,907,407,500,36,18,18,38,25,13,54,40,14,KS,4
868,155140,880,368,512,880,368,512,0,0,0,0,0,0,0,0,0,0,0,0,0,0,0,0,0,0,0,0,0,0,0,0,KS,4
869,155177,415,168,247,3,1,2,8,3,5,26,11,15,61,22,39,0,0,0,252,100,152,8,2,6,2,0,2,55,29,26,KS,4
870,155186,4261,1750,2511,83,39,44,53,30,23,435,293,142,143,65,78,5,2,3,2960,1063,1897,267,116,151,315,142,173,0,0,0,KS,4
871,155195,7912,3470,4442,72,43,29,74,25,49,510,291,219,897,345,552,10,5,5,5348,2242,3106,244,115,129,712,386,326,45,18,27,KS,4
872,155201,1163,597,566,10,4,6,4,0,4,258,229,29,118,58,60,19,15,4,598,215,383,77,40,37,61,30,31,18,6,12,KS,4
873,155210,27843,12912,14931,175,81,94,1177,504,673,1688,713,975,2775,1156,1619,152,64,88,18410,8598,9812,1181,498,683,1617,966,651,668,332,336,KS,4
874,155283,1010,84,926,10,0,10,20,4,16,288,14,274,103,10,93,6,1,5,231,21,210,1,0,1,351,34,317,0,0,0,MO,4
875,155292,8213,3365,4848,46,16,30,339,139,200,1546,548,998,1822,759,1063,20,13,7,3327,1425,1902,406,148,258,378,175,203,329,142,187,KS,4
876,155308,202,136,66,1,0,1,7,6,1,77,56,21,15,12,3,0,0,0,62,34,28,12,6,6,6,2,4,22,20,2,KS,4
877,155317,21552,10322,11230,82,29,53,1043,483,560,934,480,454,1900,851,1049,26,18,8,14847,7049,7798,1117,476,641,200,98,102,1403,838,565,KS,4
878,155335,4232,1560,2672,50,17,33,301,126,175,148,62,86,502,160,342,11,3,8,2843,1060,1783,149,56,93,131,27,104,97,49,48,KS,4
879,155399,18417,9481,8936,94,43,51,340,164,176,604,319,285,1443,725,718,20,8,12,14246,7247,6999,666,335,331,211,120,91,793,520,273,KS,4
880,155414,739,438,301,6,2,4,2,1,1,91,81,10,141,84,57,1,1,0,461,241,220,25,20,5,1,1,0,11,7,4,KS,4
881,155450,2589,896,1693,77,30,47,15,8,7,104,47,57,149,58,91,7,2,5,2041,676,1365,127,48,79,46,14,32,23,13,10,KS,4
882,155487,1180,613,567,8,5,3,26,15,11,78,36,42,121,66,55,3,2,1,869,453,416,65,32,33,6,1,5,4,3,1,KS,4
883,155496,233,135,98,1,0,1,1,1,0,14,13,1,20,13,7,0,0,0,187,101,86,7,5,2,3,2,1,0,0,0,KS,4
884,155511,876,587,289,17,10,7,10,8,2,128,103,25,164,103,61,1,1,0,445,296,149,45,26,19,63,37,26,3,3,0,KS,4
885,155520,1548,594,954,14,7,7,38,14,24,186,94,92,41,23,18,9,5,4,923,324,599,43,17,26,250,88,162,44,22,22,KS,4
886,155566,2534,888,1646,32,6,26,21,7,14,142,61,81,187,67,120,5,2,3,1927,616,1311,95,41,54,7,1,6,118,87,31,KS,4
887,155593,1236,705,531,13,11,2,5,2,3,14,10,4,21,17,4,0,0,0,1127,633,494,56,32,24,0,0,0,0,0,0,KS,4
888,155627,713,443,270,14,7,7,5,3,2,98,68,30,88,56,32,4,2,2,410,252,158,15,7,8,79,48,31,0,0,0,KS,4
889,155636,416,86,330,3,0,3,11,0,11,33,7,26,30,5,25,1,0,1,310,70,240,4,1,3,24,3,21,0,0,0,KS,4
890,155681,5745,2900,2845,69,36,33,51,28,23,189,118,71,356,188,168,4,0,4,4507,2242,2265,313,155,158,42,23,19,214,110,104,KS,4
891,155715,1727,757,970,19,4,15,25,8,17,136,54,82,174,82,92,3,0,3,1063,461,602,54,24,30,211,97,114,42,27,15,KS,4
892,155812,875,417,458,10,4,6,12,7,5,115,86,29,130,72,58,11,7,4,414,183,231,44,21,23,135,34,101,4,3,1,KS,4
893,155830,1243,496,747,7,2,5,26,10,16,29,11,18,145,50,95,0,0,0,976,400,576,46,18,28,11,5,6,3,0,3,KS,4
894,155858,2499,1036,1463,13,5,8,38,17,21,56,34,22,1268,524,744,1,1,0,788,302,486,30,14,16,252,114,138,53,25,28,KS,4
895,155900,1923,1287,636,10,8,2,42,28,14,222,152,70,207,147,60,12,6,6,768,491,277,55,35,20,559,383,176,48,37,11,KS,4
896,155937,769,426,343,12,5,7,10,6,4,102,79,23,98,52,46,1,1,0,433,216,217,29,21,8,61,25,36,23,21,2,KS,4
897,155973,691,398,293,9,4,5,4,1,3,99,85,14,91,52,39,2,2,0,410,207,203,56,34,22,5,2,3,15,11,4,KS,4
898,156082,6290,2430,3860,38,12,26,73,26,47,355,181,174,672,250,422,3,2,1,3594,1333,2261,284,95,189,1029,395,634,242,136,106,KS,4
899,156107,8116,4071,4045,82,41,41,360,192,168,745,282,463,1513,717,796,13,6,7,4505,2365,2140,452,201,251,304,190,114,142,77,65,KS,4
900,156125,14448,6624,7824,99,40,59,959,467,492,904,383,521,1920,777,1143,13,6,7,8139,3659,4480,666,260,406,339,165,174,1409,867,542,KS,4
901,156134,1625,820,805,50,27,23,36,22,14,303,158,145,187,77,110,8,5,3,913,471,442,115,55,60,12,5,7,1,0,1,KS,4
902,156189,632,308,324,0,0,0,0,0,0,26,18,8,5,3,2,1,1,0,586,279,307,1,0,1,7,3,4,6,4,2,KY,5
903,156213,1821,726,1095,9,5,4,25,8,17,87,40,47,110,47,63,1,1,0,1424,527,897,19,7,12,55,29,26,91,62,29,KY,5
904,156231,3522,1365,2157,7,2,5,14,3,11,47,25,22,44,20,24,1,0,1,3302,1265,2037,73,33,40,34,17,17,0,0,0,KY,5
905,156286,2872,1025,1847,7,5,2,74,24,50,171,52,119,156,52,104,2,0,2,2194,799,1395,116,31,85,100,36,64,52,26,26,KY,5
906,156295,1707,716,991,2,2,0,50,23,27,279,83,196,218,101,117,2,1,1,884,396,488,130,42,88,12,4,8,130,64,66,KY,5
907,156338,5877,2396,3481,5,0,5,137,58,79,367,137,230,331,144,187,7,5,2,4689,1895,2794,195,66,129,143,90,53,3,1,2,KY,5
908,156356,1028,319,709,6,2,4,20,8,12,115,35,80,70,26,44,2,0,2,652,197,455,0,0,0,157,48,109,6,3,3,KY,5
909,156365,6598,2549,4049,14,5,9,129,53,76,588,299,289,282,118,164,4,3,1,4990,1801,3189,90,33,57,275,99,176,226,138,88,KY,5
910,156392,14144,5730,8414,28,10,18,368,180,188,1754,686,1068,918,371,547,19,7,12,10230,4123,6107,586,213,373,215,129,86,26,11,15,KY,5
911,156408,1421,684,737,3,2,1,63,26,37,76,41,35,92,36,56,1,1,0,1014,488,526,52,30,22,21,11,10,99,49,50,KY,5
912,156417,148,124,24,0,0,0,0,0,0,3,2,1,2,1,1,0,0,0,137,116,21,4,3,1,2,2,0,0,0,0,KY,5
913,156471,3331,332,2999,6,0,6,68,11,57,511,46,465,195,21,174,7,1,6,2341,228,2113,150,16,134,53,9,44,0,0,0,KY,5
914,156541,4782,1855,2927,4,2,2,8,3,5,32,15,17,16,5,11,0,0,0,575,229,346,6,4,2,4122,1582,2540,19,15,4,KY,5
915,156620,14316,6180,8136,31,14,17,138,60,78,809,376,433,521,239,282,10,4,6,12013,5089,6924,459,179,280,149,87,62,186,132,54,KY,5
916,156648,9443,4727,4716,25,13,12,116,54,62,536,227,309,367,159,208,17,8,9,7634,3835,3799,315,139,176,430,291,139,3,1,2,KY,5
917,156745,1029,470,559,2,1,1,6,1,5,101,68,33,54,33,21,0,0,0,763,303,460,52,29,23,32,17,15,19,18,1,KY,5
918,156790,4816,2597,2219,5,3,2,12,7,5,49,23,26,46,16,30,1,1,0,4576,2457,2119,54,23,31,73,67,6,0,0,0,KY,5
919,156851,1967,592,1375,9,4,5,12,3,9,169,61,108,81,31,50,2,1,1,1560,449,1111,109,34,75,25,9,16,0,0,0,KY,5
920,156860,3772,1430,2342,11,4,7,50,18,32,874,346,528,353,112,241,8,5,3,2191,818,1373,182,63,119,101,64,37,2,0,2,KY,5
921,156921,17902,7484,10418,42,17,25,636,301,335,3828,1443,2385,1625,664,961,27,10,17,10046,4319,5727,771,293,478,900,424,476,27,13,14,KY,5
922,157021,279,41,238,0,0,0,0,0,0,33,3,30,26,4,22,0,0,0,87,15,72,21,3,18,112,16,96,0,0,0,KY,5
923,157030,82,48,34,0,0,0,1,0,1,4,4,0,4,3,1,0,0,0,70,39,31,0,0,0,0,0,0,3,2,1,KY,5
924,157058,2848,1188,1660,4,1,3,13,5,8,1176,535,641,71,28,43,3,2,1,257,102,155,74,30,44,1240,481,759,10,4,6,KY,5
925,157076,937,464,473,12,4,8,11,3,8,108,85,23,29,13,16,0,0,0,635,277,358,12,2,10,123,73,50,7,7,0,KY,5
926,157085,24633,10825,13808,45,24,21,702,326,376,1811,782,1029,1287,569,718,16,6,10,18375,7941,10434,992,413,579,780,397,383,625,367,258,KY,5
927,157100,699,421,278,3,3,0,1,0,1,115,109,6,41,32,9,2,2,0,389,202,187,18,14,4,107,47,60,23,12,11,KY,5
928,157216,2249,876,1373,5,3,2,20,4,16,187,124,63,15,9,6,4,2,2,1473,518,955,50,28,22,493,186,307,2,2,0,KY,5
929,157289,18045,8256,9789,21,7,14,813,381,432,2277,888,1389,1023,437,586,9,4,5,12520,5898,6622,1094,482,612,17,8,9,271,151,120,KY,5
930,157304,5941,3412,2529,22,13,9,23,13,10,261,118,143,154,74,80,7,3,4,5068,2906,2162,108,39,69,297,246,51,1,0,1,KY,5
931,157331,4826,1844,2982,12,6,6,13,3,10,124,60,64,142,52,90,5,3,2,4229,1580,2649,119,43,76,181,96,85,1,1,0,KY,5
932,157377,1322,393,929,3,1,2,8,4,4,101,42,59,90,38,52,1,0,1,979,260,719,44,12,32,78,35,43,18,1,17,KY,5
933,157386,9935,3857,6078,13,8,5,74,16,58,313,143,170,216,88,128,6,1,5,8814,3366,5448,271,95,176,109,38,71,119,102,17,KY,5
934,157401,8949,3424,5525,19,7,12,70,28,42,512,207,305,211,77,134,7,3,4,7161,2721,4440,281,99,182,366,142,224,322,140,182,KY,5
935,157438,6193,3139,3054,8,5,3,77,29,48,363,140,223,283,118,165,7,3,4,5075,2636,2439,218,85,133,161,122,39,1,1,0,KY,5
936,157447,13411,5525,7886,21,12,9,214,91,123,891,320,571,478,199,279,11,6,5,10875,4428,6447,421,166,255,120,59,61,380,244,136,KY,5
937,157483,8383,3772,4611,24,8,16,66,35,31,587,242,345,324,131,193,4,2,2,6476,2799,3677,321,124,197,576,427,149,5,4,1,KY,5
938,157535,1730,846,884,18,8,10,10,5,5,151,115,36,16,7,9,1,1,0,1425,652,773,1,1,0,84,40,44,24,17,7,KY,5
939,157553,3571,1437,2134,6,3,3,16,5,11,40,30,10,51,32,19,2,1,1,3321,1306,2015,47,18,29,88,42,46,0,0,0,KY,5
940,157711,7473,3014,4459,17,9,8,43,16,27,76,37,39,171,74,97,3,1,2,6971,2783,4188,137,62,75,49,30,19,6,2,4,KY,5
941,157739,4482,2330,2152,16,13,3,11,5,6,55,30,25,40,17,23,4,3,1,3908,1893,2015,40,11,29,408,358,50,0,0,0,KY,5
942,157748,1081,581,500,2,1,1,20,12,8,19,14,5,16,9,7,3,1,2,959,513,446,0,0,0,9,3,6,53,28,25,KY,5
943,157757,1156,406,750,5,0,5,25,6,19,202,76,126,61,23,38,1,0,1,719,235,484,63,20,43,79,46,33,1,0,1,KY,5
944,157793,3905,1400,2505,23,10,13,68,29,39,721,235,486,194,79,115,9,3,6,2238,813,1425,297,79,218,354,152,202,1,0,1,KY,5
945,157809,2394,1109,1285,3,2,1,29,10,19,182,120,62,70,30,40,5,4,1,1838,811,1027,92,54,38,149,59,90,26,19,7,KY,5
946,157818,965,389,576,3,2,1,24,9,15,54,22,32,38,17,21,0,0,0,758,307,451,45,15,30,43,17,26,0,0,0,KY,5
947,157863,1068,505,563,6,2,4,2,0,2,149,120,29,27,15,12,2,1,1,736,271,465,34,18,16,11,7,4,101,71,30,KY,5
948,157951,18550,7364,11186,44,18,26,466,187,279,1517,602,915,788,323,465,26,15,11,14587,5638,8949,639,252,387,108,58,50,375,271,104,KY,5
949,158088,3488,1950,1538,114,81,33,15,6,9,1295,637,658,88,44,44,46,21,25,1677,995,682,102,57,45,142,107,35,9,2,7,LA,5
950,158431,9066,2991,6075,63,22,41,75,27,48,3392,921,2471,457,158,299,200,43,157,4206,1541,2665,391,131,260,182,118,64,100,30,70,LA,5
951,158477,567,229,338,1,0,1,14,8,6,97,43,54,61,30,31,0,0,0,351,133,218,23,8,15,2,1,1,18,6,12,LA,5
952,158662,20120,6389,13731,79,24,55,606,282,324,9612,2628,6984,1954,674,1280,523,150,373,5872,2095,3777,928,304,624,213,91,122,333,141,192,LA,5
953,158802,1324,334,990,3,1,2,0,0,0,936,220,716,30,9,21,2,0,2,6,4,2,22,5,17,319,93,226,6,2,4,LA,5
954,158884,3171,1131,2040,16,7,9,59,25,34,1369,357,1012,186,73,113,96,20,76,1285,593,692,99,39,60,27,6,21,34,11,23,LA,5
955,159009,4510,1697,2813,8,6,2,7,2,5,4039,1502,2537,73,32,41,1,0,1,37,20,17,100,30,70,44,20,24,201,85,116,LA,5
956,159373,1103,169,934,1,0,1,60,9,51,134,17,117,71,16,55,0,0,0,810,123,687,22,3,19,4,1,3,1,0,1,LA,5
957,159382,3915,1190,2725,352,108,244,53,18,35,697,179,518,63,20,43,0,0,0,2539,786,1753,96,28,68,46,16,30,69,35,34,LA,5
958,159391,27753,13212,14541,108,45,63,1263,620,643,3818,1549,2269,1964,912,1052,29,13,16,18911,9207,9704,735,316,419,345,182,163,580,368,212,LA,5
959,159407,3844,1033,2811,26,9,17,38,18,20,922,202,720,111,35,76,1,0,1,2575,706,1869,96,32,64,53,16,37,22,15,7,LA,5
960,159416,3244,1260,1984,12,3,9,57,21,36,652,187,465,153,68,85,4,3,1,1701,700,1001,148,60,88,402,155,247,115,63,52,LA,5
961,159568,1111,581,530,9,4,5,9,1,8,297,192,105,27,14,13,1,0,1,728,348,380,30,16,14,0,0,0,10,6,4,LA,5
962,159647,11268,5861,5407,41,14,27,178,98,80,1346,653,693,450,244,206,8,6,2,7973,4177,3796,338,177,161,741,384,357,193,108,85,LA,5
963,159656,3538,1226,2312,15,3,12,105,33,72,587,155,432,618,214,404,6,2,4,1601,587,1014,163,56,107,302,111,191,141,65,76,LA,5
964,159717,7356,2964,4392,34,10,24,107,47,60,1167,405,762,281,116,165,5,1,4,5049,1988,3061,263,107,156,28,5,23,422,285,137,LA,5
965,159939,7933,3825,4108,18,6,12,658,348,310,1529,597,932,1024,475,549,5,2,3,3906,1984,1922,398,186,212,177,81,96,218,146,72,LA,5
966,159948,1095,749,346,2,1,1,24,9,15,170,97,73,58,38,20,0,0,0,531,374,157,1,1,0,267,205,62,42,24,18,LA,5
967,159966,6809,2514,4295,161,43,118,90,27,63,1226,435,791,257,88,169,5,4,1,4608,1716,2892,166,54,112,206,109,97,90,38,52,LA,5
968,159993,7721,2768,4953,20,5,15,135,59,76,1746,500,1246,218,82,136,2,2,0,4832,1773,3059,192,68,124,298,119,179,278,160,118,LA,5
969,160010,1560,882,678,19,8,11,3,2,1,661,301,360,55,37,18,29,9,20,697,459,238,50,26,24,42,38,4,4,2,2,LA,5
970,160038,11689,3407,8282,153,44,109,126,41,85,3252,831,2421,743,255,488,16,5,11,6534,1921,4613,519,176,343,198,67,131,148,67,81,LA,5
971,160065,900,203,697,5,1,4,42,20,22,251,36,215,114,19,95,1,0,1,386,93,293,42,9,33,59,25,34,0,0,0,LA,5
972,160074,1164,208,956,10,3,7,37,8,29,189,17,172,80,12,68,4,2,2,792,137,655,0,0,0,52,29,23,0,0,0,LA,5
973,160409,128,128,0,0,0,0,7,7,0,3,3,0,34,34,0,0,0,0,77,77,0,1,1,0,5,5,0,1,1,0,LA,5
974,160481,3211,1051,2160,136,37,99,29,6,23,702,201,501,122,37,85,25,8,17,1790,610,1180,151,41,110,218,99,119,38,12,26,LA,5
975,160524,541,140,401,0,0,0,0,0,0,359,81,278,13,4,9,0,0,0,158,51,107,10,3,7,1,1,0,0,0,0,LA,5
976,160579,4995,2508,2487,34,15,19,46,23,23,1170,443,727,192,100,92,47,18,29,2898,1603,1295,159,61,98,405,226,179,44,19,25,LA,5
977,160612,15861,5962,9899,33,15,18,220,91,129,3061,999,2062,1038,404,634,11,7,4,10176,3927,6249,600,204,396,541,214,327,181,101,80,LA,5
978,160621,7058,2489,4569,22,8,14,26,10,16,6341,2179,4162,56,27,29,7,2,5,208,88,120,149,57,92,125,69,56,124,49,75,LA,5
979,160630,2495,726,1769,6,4,2,15,5,10,2069,584,1485,38,11,27,1,1,0,58,23,35,0,0,0,263,74,189,45,24,21,LA,5
980,160649,4506,1500,3006,16,7,9,11,4,7,3902,1116,2786,19,8,11,5,3,2,220,65,155,14,6,8,1,1,0,318,290,28,LA,5
981,160658,15870,6744,9126,48,23,25,414,199,215,3234,1234,2000,913,365,548,14,5,9,10132,4417,5715,431,180,251,503,210,293,181,111,70,LA,5
982,160667,5914,2601,3313,19,11,8,20,11,9,1746,632,1114,192,84,108,84,33,51,2230,1070,1160,121,58,63,1482,692,790,20,10,10,LA,5
983,160755,9186,3625,5561,20,6,14,441,160,281,633,239,394,698,281,417,10,6,4,6355,2471,3884,357,141,216,134,55,79,538,266,272,LA,5
984,160904,2773,649,2124,1,1,0,107,41,66,2188,461,1727,119,32,87,0,0,0,69,25,44,104,20,84,139,51,88,46,18,28,LA,5
985,160959,405,113,292,0,0,0,7,2,5,5,2,3,21,3,18,0,0,0,252,67,185,8,2,6,21,13,8,91,24,67,ME,1
986,160977,1958,971,987,2,0,2,93,42,51,106,51,55,143,65,78,2,2,0,1336,672,664,106,55,51,14,8,6,156,76,80,ME,1
987,160995,396,91,305,3,0,3,3,0,3,5,1,4,7,3,4,1,0,1,365,85,280,8,0,8,4,2,2,0,0,0,ME,1
988,161004,1973,957,1016,6,3,3,140,60,80,147,65,82,220,110,110,3,1,2,1182,595,587,137,56,81,10,4,6,128,63,65,ME,1
989,161022,242,26,216,0,0,0,6,0,6,10,2,8,4,1,3,0,0,0,203,18,185,8,4,4,11,1,10,0,0,0,ME,1
990,161077,4041,1812,2229,15,7,8,17,7,10,290,138,152,72,31,41,5,3,2,2287,950,1337,76,29,47,1227,612,615,52,35,17,ME,1
991,161086,2196,1016,1180,6,4,2,173,61,112,106,42,64,179,85,94,4,2,2,1364,650,714,118,49,69,51,26,25,195,97,98,ME,1
992,161138,3258,1560,1698,44,18,26,30,11,19,30,16,14,71,34,37,2,1,1,2517,1184,1333,74,35,39,474,254,220,16,7,9,ME,1
993,161192,3259,1126,2133,21,7,14,22,8,14,42,22,20,70,30,40,5,1,4,2634,863,1771,29,10,19,430,183,247,6,2,4,ME,1
994,161217,5811,1853,3958,92,28,64,52,14,38,134,73,61,140,57,83,5,2,3,4582,1353,3229,212,72,140,563,239,324,31,15,16,ME,1
995,161226,1923,632,1291,11,3,8,19,9,10,49,24,25,49,19,30,2,1,1,1656,518,1138,58,21,37,67,31,36,12,6,6,ME,1
996,161235,2088,615,1473,15,6,9,18,7,11,66,24,42,46,16,30,5,2,3,1671,460,1211,86,25,61,107,32,75,74,43,31,ME,1
997,161244,967,299,668,31,7,24,12,5,7,24,17,7,35,14,21,1,0,1,686,199,487,32,8,24,126,36,90,20,13,7,ME,1
998,161253,10721,5584,5137,105,42,63,179,81,98,195,133,62,420,210,210,6,3,3,8523,4512,4011,370,175,195,659,294,365,264,134,130,ME,1
999,161299,1010,845,165,5,4,1,14,13,1,18,16,2,34,27,7,0,0,0,852,718,134,1,0,1,81,63,18,5,4,1,ME,1
1000,161341,1892,695,1197,25,7,18,13,6,7,43,24,19,38,15,23,3,2,1,1394,473,921,58,25,33,269,114,155,49,29,20,ME,1
1001,161457,8249,2355,5894,45,17,28,491,164,327,331,110,221,16,5,11,16,4,12,4700,1407,3293,61,23,38,2577,616,1961,12,9,3,ME,1
1002,161484,1142,485,657,22,9,13,3,1,2,18,8,10,26,12,14,3,1,2,728,305,423,14,8,6,315,137,178,13,4,9,ME,1
1003,161509,446,118,328,5,0,5,20,5,15,18,6,12,30,8,22,0,0,0,328,88,240,11,4,7,34,7,27,0,0,0,ME,1
1004,161518,2210,795,1415,4,2,2,26,9,17,44,19,25,78,38,40,5,1,4,1228,414,814,32,13,19,793,299,494,0,0,0,ME,1
1005,161545,8982,4022,4960,41,20,21,208,88,120,664,316,348,305,141,164,10,6,4,7109,3133,3976,238,96,142,368,199,169,39,23,16,ME,1
1006,161554,8302,3484,4818,54,17,37,167,51,116,497,215,282,216,99,117,2,0,2,5732,2357,3375,247,94,153,1304,599,705,83,52,31,ME,1
1007,161563,1964,918,1046,11,5,6,29,16,13,49,27,22,21,7,14,0,0,0,1566,710,856,76,41,35,195,101,94,17,11,6,ME,1
1008,161572,1230,491,739,14,7,7,13,3,10,26,11,15,22,8,14,3,1,2,955,388,567,56,18,38,139,54,85,2,1,1,ME,1
1009,161581,501,217,284,50,17,33,4,2,2,5,1,4,12,3,9,0,0,0,388,174,214,11,4,7,29,15,14,2,1,1,ME,1
1010,161688,3248,984,2264,5,1,4,20,8,12,331,139,192,67,27,40,0,0,0,2675,752,1923,100,34,66,22,9,13,28,14,14,MD,2
1011,161767,18424,7174,11250,57,19,38,809,318,491,3226,1201,2025,1656,612,1044,23,10,13,10090,3981,6109,931,352,579,1363,587,776,269,94,175,MD,2
1012,161864,6798,2053,4745,6,2,4,111,58,53,5123,1401,3722,248,82,166,6,2,4,448,176,272,134,37,97,129,56,73,593,239,354,MD,2
1013,161873,2493,1056,1437,14,6,8,128,62,66,1142,410,732,153,71,82,14,5,9,718,366,352,102,37,65,165,72,93,57,27,30,MD,2
1014,162007,5835,2315,3520,9,2,7,91,49,42,4795,1874,2921,257,79,178,10,4,6,116,50,66,238,81,157,183,84,99,136,92,44,MD,2
1015,162061,443,353,90,1,0,1,23,21,2,123,87,36,45,30,15,0,0,0,173,156,17,20,15,5,56,43,13,2,1,1,MD,2
1016,162104,3086,1156,1930,8,2,6,44,15,29,269,88,181,175,72,103,3,2,1,2337,885,1452,156,48,108,46,18,28,48,26,22,MD,2
1017,162122,9657,3747,5910,48,16,32,329,148,181,2548,977,1571,718,264,454,28,17,11,5094,1964,3130,639,248,391,200,90,110,53,23,30,MD,2
1018,162168,2835,983,1852,26,9,17,46,16,30,395,97,298,176,59,117,4,3,1,1937,693,1244,83,36,47,124,53,71,44,17,27,MD,2
1019,162210,1157,376,781,4,2,2,34,11,23,519,146,373,205,61,144,1,1,0,65,24,41,26,4,22,209,71,138,94,56,38,MD,2
1020,162283,2588,604,1984,12,1,11,10,0,10,2140,465,1675,69,19,50,0,0,0,49,21,28,71,20,51,47,13,34,190,65,125,MD,2
1021,162557,7859,3410,4449,16,6,10,378,182,196,1058,428,630,1011,418,593,6,4,2,4881,2153,2728,432,192,240,7,4,3,70,23,47,MD,2
1022,162584,4912,2335,2577,9,1,8,91,38,53,1442,737,705,242,103,139,1,0,1,2465,1144,1321,213,99,114,34,16,18,415,197,218,MD,2
1023,162609,856,424,432,3,2,1,4,2,2,128,83,45,14,8,6,2,2,0,669,304,365,26,13,13,0,0,0,10,10,0,MD,2
1024,162654,1490,493,997,0,0,0,62,17,45,296,108,188,152,46,106,2,0,2,726,221,505,61,21,40,148,62,86,43,18,25,MD,2
1025,162690,5401,1857,3544,10,2,8,128,53,75,667,236,431,392,152,240,5,1,4,3751,1258,2493,288,95,193,106,38,68,54,22,32,MD,2
1026,162706,7591,3161,4430,21,3,18,286,142,144,1224,452,772,426,158,268,8,3,5,5170,2210,2960,290,124,166,82,39,43,84,30,54,MD,2
1027,162760,1245,455,790,1,0,1,44,11,33,209,58,151,148,48,100,1,0,1,706,293,413,68,22,46,47,15,32,21,8,13,MD,2
1028,162779,14044,5939,8105,24,7,17,1768,807,961,3875,1435,2440,1438,557,881,19,10,9,4536,2067,2469,895,381,514,819,407,412,670,268,402,MD,2
1029,162928,8394,3743,4651,9,2,7,1964,925,1039,648,208,440,1143,542,601,13,6,7,2503,1087,1416,472,199,273,402,186,216,1240,588,652,MD,2
1030,163028,1072,973,99,5,5,0,40,39,1,552,497,55,183,175,8,3,3,0,202,177,25,41,37,4,46,40,6,0,0,0,MD,2
1031,163046,4021,1722,2299,6,3,3,121,45,76,218,91,127,458,204,254,0,0,0,3043,1297,1746,119,57,62,5,3,2,51,22,29,MD,2
1032,163204,72612,41424,31188,357,202,155,3415,2135,1280,18778,9356,9422,11074,6569,4505,564,328,236,26999,16866,10133,3337,1832,1505,7014,3697,3317,1074,439,635,MD,2
1033,163259,1107,168,939,2,0,2,188,28,160,248,49,199,104,16,88,0,0,0,469,64,405,46,5,41,12,3,9,38,3,35,MD,2
1034,163268,12359,6740,5619,17,9,8,2617,1369,1248,2393,1169,1224,1033,491,542,14,7,7,4840,2894,1946,638,354,284,296,163,133,511,284,227,MD,2
1035,163286,32954,17165,15789,39,26,13,5891,3141,2750,3915,1733,2182,3198,1537,1661,25,14,11,15688,8436,7252,1466,749,717,1096,618,478,1636,911,725,MD,2
1036,163295,2138,529,1609,0,0,0,205,41,164,187,70,117,207,48,159,0,0,0,750,180,570,131,33,98,146,47,99,512,110,402,MD,2
1037,163338,2544,1144,1400,5,0,5,55,30,25,1434,608,826,118,60,58,0,0,0,294,166,128,81,31,50,473,203,270,84,46,38,MD,2
1038,163426,28945,13121,15824,79,46,33,3531,1673,1858,7619,3277,4342,6930,3005,3925,69,42,27,7028,3468,3560,968,437,531,125,52,73,2596,1121,1475,MD,2
1039,163453,6988,3034,3954,9,6,3,50,27,23,5447,2184,3263,280,117,163,6,5,1,118,60,58,230,80,150,377,170,207,471,385,86,MD,2
1040,163462,2084,1036,1048,11,5,6,68,28,40,346,181,165,272,135,137,12,7,5,1211,602,609,105,48,57,29,12,17,30,18,12,MD,2
1041,163532,357,357,0,0,0,0,0,0,0,0,0,0,0,0,0,0,0,0,327,327,0,0,0,0,0,0,0,30,30,0,MD,2
1042,163578,1021,45,976,0,0,0,67,3,64,262,9,253,113,1,112,0,0,0,442,25,417,47,3,44,74,3,71,16,1,15,MD,2
1043,163657,16876,6251,10625,47,15,32,702,332,370,11576,4163,7413,2246,826,1420,19,10,9,631,279,352,613,216,397,366,135,231,676,275,401,MD,2
1044,163851,8395,3760,4635,66,27,39,319,128,191,1250,532,718,387,165,222,11,5,6,5729,2586,3143,205,95,110,313,158,155,115,64,51,MD,2
1045,163912,1587,651,936,3,1,2,69,29,40,173,80,93,110,42,68,2,1,1,1078,439,639,88,30,58,48,24,24,16,5,11,MD,2
1046,163976,500,267,233,0,0,0,20,9,11,8,2,6,29,16,13,0,0,0,312,168,144,29,16,13,0,0,0,102,56,46,MD,2
1047,164076,21684,8909,12775,19,4,15,1446,650,796,5289,2005,3284,1890,754,1136,20,11,9,11142,4754,6388,1166,426,740,319,131,188,393,174,219,MD,2
1048,164155,4538,3290,1248,9,8,1,334,213,121,307,229,78,524,360,164,20,15,5,2790,2053,737,448,323,125,47,38,9,59,51,8,MD,0
1049,164173,3470,1232,2238,9,6,3,132,33,99,891,306,585,241,86,155,5,2,3,1903,682,1221,169,68,101,95,34,61,25,15,10,MD,2
1050,164216,1321,531,790,5,3,2,47,18,29,139,44,95,84,31,53,9,9,0,889,345,544,1,0,1,68,36,32,79,45,34,MD,2
1051,164270,1789,860,929,5,2,3,42,14,28,369,191,178,109,53,56,1,0,1,1034,509,525,61,27,34,115,44,71,53,20,33,MD,2
1052,164313,3873,1374,2499,3,1,2,101,48,53,934,272,662,229,85,144,3,1,2,2330,861,1469,177,60,117,73,36,37,23,10,13,MD,2
1053,164368,813,538,275,1,0,1,18,9,9,15,9,6,24,16,8,1,0,1,21,14,7,28,16,12,30,21,9,675,453,222,MA,1
1054,164447,1451,560,891,7,3,4,18,5,13,329,136,193,305,105,200,9,4,5,508,179,329,72,30,42,144,63,81,59,35,24,MA,1
1055,164465,1940,970,970,9,4,5,286,121,165,197,95,102,259,126,133,2,2,0,831,428,403,129,68,61,56,25,31,171,101,70,MA,1
1056,164492,1244,675,569,6,0,6,20,3,17,159,94,65,135,43,92,1,0,1,748,411,337,17,10,7,129,100,29,29,14,15,MA,1
1057,164562,2164,924,1240,2,1,1,54,24,30,109,77,32,171,72,99,1,1,0,1600,653,947,52,26,26,147,57,90,28,13,15,MA,1
1058,164580,2811,1513,1298,2,2,0,294,138,156,114,57,57,321,169,152,1,1,0,905,535,370,70,48,22,230,111,119,874,452,422,MA,1
1059,164614,77,41,36,1,1,0,0,0,0,4,2,2,9,4,5,0,0,0,63,34,29,0,0,0,0,0,0,0,0,0,MA,1
1060,164632,2507,2,2505,10,0,10,64,0,64,331,0,331,534,0,534,4,0,4,1358,2,1356,53,0,53,127,0,127,26,0,26,MA,1
1061,164641,836,251,585,2,1,1,40,22,18,211,49,162,103,24,79,3,1,2,359,110,249,29,14,15,76,24,52,13,6,7,MA,1
1062,164720,1940,739,1201,6,1,5,58,29,29,162,75,87,184,65,119,3,2,1,1103,417,686,60,25,35,350,114,236,14,11,3,MA,1
1063,164739,4366,2568,1798,1,0,1,380,192,188,152,84,68,311,172,139,1,0,1,2472,1562,910,111,58,53,171,104,67,767,396,371,MA,1
1064,164748,7498,4449,3049,14,6,8,352,192,160,514,307,207,793,460,333,8,6,2,3149,1974,1175,349,176,173,303,158,145,2016,1170,846,MA,1
1065,164775,2111,734,1377,20,12,8,35,20,15,190,81,109,106,33,73,5,3,2,1482,488,994,87,29,58,180,64,116,6,4,2,MA,1
1066,164872,505,226,279,2,0,2,35,12,23,30,18,12,63,31,32,0,0,0,179,76,103,20,8,12,104,50,54,72,31,41,MA,1
1067,164924,10748,5061,5687,5,1,4,1096,541,555,446,206,240,1200,514,686,4,2,2,5918,2826,3092,382,161,221,602,301,301,1095,509,586,MA,1
1068,164988,22674,9446,13228,8,4,4,3597,1498,2099,843,283,560,2383,923,1460,19,10,9,7967,3142,4825,870,327,543,1992,936,1056,4995,2323,2672,MA,1
1069,165015,3985,1566,2419,3,3,0,560,203,357,194,64,130,317,113,204,6,4,2,1775,744,1031,146,48,98,156,61,95,828,326,502,MA,1
1070,165024,11049,4580,6469,16,7,9,238,114,124,1274,531,743,859,339,520,7,2,5,7633,3147,4486,571,252,319,211,89,122,240,99,141,MA,1
1071,165033,9702,3398,6304,21,6,15,250,99,151,875,293,582,838,239,599,10,0,10,6156,2227,3929,482,152,330,1068,381,687,2,1,1,MA,1
1072,165112,16306,6744,9562,40,13,27,1834,822,1012,4042,1637,2405,4171,1583,2588,15,6,9,3230,1455,1775,425,173,252,1917,743,1174,632,312,320,MA,1
1073,165167,1745,486,1259,4,0,4,148,50,98,303,63,240,428,90,338,2,0,2,301,93,208,38,12,26,443,149,294,78,29,49,MA,1
1074,165194,4512,1665,2847,22,6,16,95,32,63,302,105,197,374,126,248,7,5,2,2822,1086,1736,206,70,136,682,235,447,2,0,2,MA,1
1075,165264,1573,150,1423,1,0,1,50,5,45,614,72,542,164,10,154,4,1,3,630,55,575,38,1,37,64,6,58,8,0,8,MA,1
1076,165334,2592,1028,1564,3,2,1,198,68,130,102,34,68,238,86,152,2,0,2,1491,596,895,73,23,50,157,66,91,328,153,175,MA,1
1077,165529,2734,1093,1641,10,2,8,63,31,32,373,137,236,190,87,103,4,1,3,1715,663,1052,72,36,36,254,99,155,53,37,16,MA,1
1078,165574,1569,743,826,5,4,1,25,7,18,193,114,79,131,73,58,4,1,3,832,362,470,60,21,39,250,119,131,69,42,27,MA,1
1079,165644,636,303,333,5,0,5,23,13,10,114,59,55,102,45,57,2,0,2,293,138,155,31,11,20,10,4,6,56,33,23,MA,1
1080,165662,4143,1618,2525,4,2,2,210,79,131,147,48,99,521,198,323,2,0,2,2439,1023,1416,158,64,94,98,34,64,564,170,394,MA,1
1081,165671,2308,568,1740,4,0,4,96,21,75,139,29,110,233,54,179,3,0,3,1438,370,1068,71,19,52,295,66,229,29,9,20,MA,1
1082,165699,3454,1290,2164,6,2,4,56,20,36,62,30,32,158,66,92,0,0,0,2714,975,1739,86,43,43,297,110,187,75,44,31,MA,1
1083,165802,2819,613,2206,7,4,3,17,9,8,202,59,143,222,84,138,0,0,0,502,84,418,40,10,30,1659,242,1417,170,121,49,MA,1
1084,165820,4856,2248,2608,8,4,4,155,80,75,474,212,262,568,238,330,1,1,0,3224,1523,1701,148,66,82,188,85,103,90,39,51,MA,1
1085,165866,4784,2089,2695,4,0,4,240,100,140,578,295,283,739,311,428,1,1,0,2723,1165,1558,180,85,95,294,121,173,25,11,14,MA,1
1086,165884,945,773,172,6,4,2,52,41,11,338,271,67,263,214,49,4,4,0,135,118,17,17,15,2,114,93,21,16,13,3,MA,1
1087,165936,1642,626,1016,0,0,0,75,31,44,73,40,33,163,49,114,4,2,2,1107,409,698,37,12,25,30,10,20,153,73,80,MA,1
1088,165981,2420,870,1550,4,2,2,84,32,52,105,39,66,228,82,146,2,1,1,1755,611,1144,84,39,45,158,64,94,0,0,0,MA,1
1089,166018,774,299,475,1,1,0,24,7,17,66,28,38,90,33,57,0,0,0,464,178,286,37,15,22,50,18,32,42,19,23,MA,1
1090,166027,14431,7032,7399,41,21,20,2427,1133,1294,1075,431,644,1675,787,888,12,4,8,5322,2745,2577,815,371,444,840,398,442,2224,1142,1082,MA,1
1091,166045,45,22,23,0,0,0,0,0,0,0,0,0,0,0,0,0,0,0,45,22,23,0,0,0,0,0,0,0,0,0,MA,1
1092,166054,58,34,24,0,0,0,1,1,0,2,0,2,4,3,1,0,0,0,45,27,18,0,0,0,5,2,3,1,1,0,MA,1
1093,166124,3098,1459,1639,1,1,0,129,43,86,148,68,80,346,132,214,2,1,1,2139,1064,1075,102,48,54,131,53,78,100,49,51,MA,1
1094,166133,6374,2253,4121,22,12,10,175,66,109,407,135,272,1728,531,1197,8,3,5,3544,1329,2215,203,82,121,239,77,162,48,18,30,MA,1
1095,166391,1713,632,1081,2,0,2,49,18,31,147,64,83,180,59,121,1,1,0,1090,373,717,41,13,28,113,46,67,90,58,32,MA,1
1096,166407,435,39,396,1,0,1,23,1,22,60,4,56,69,2,67,0,0,0,222,22,200,25,4,21,30,5,25,5,1,4,MA,1
1097,166452,2897,636,2261,8,2,6,138,29,109,224,55,169,409,82,327,5,0,5,1544,320,1224,83,19,64,372,100,272,114,29,85,MA,1
1098,166513,16869,10036,6833,18,7,11,1947,1121,826,1082,572,510,1962,1004,958,6,4,2,9653,5988,3665,509,282,227,1095,656,439,597,402,195,MA,1
1099,166629,27365,13681,13684,33,14,19,2847,1487,1360,1290,576,714,2059,945,1114,17,9,8,16465,8221,8244,910,427,483,1617,738,879,2127,1264,863,MA,1
1100,166638,15054,6780,8274,23,12,11,1949,964,985,2481,948,1533,2361,899,1462,3,0,3,4896,2280,2616,458,167,291,1274,540,734,1609,970,639,MA,1
1101,166647,6644,2972,3672,20,10,10,327,148,179,812,350,462,1172,465,707,4,1,3,3304,1582,1722,141,69,72,765,311,454,99,36,63,MA,1
1102,166656,4285,1157,3128,7,0,7,853,276,577,398,121,277,344,75,269,1,0,1,1547,341,1206,97,27,70,410,96,314,628,221,407,MA,1
1103,166674,2344,638,1706,3,0,3,154,41,113,96,43,53,230,71,159,6,3,3,1187,297,890,62,14,48,511,148,363,95,21,74,MA,1
1104,166683,4582,2438,2144,8,6,2,1354,542,812,285,194,91,703,462,241,3,2,1,1316,709,607,365,198,167,68,27,41,480,298,182,MA,1
1105,166692,1786,1559,227,4,3,1,25,19,6,22,20,2,73,63,10,0,0,0,1497,1310,187,48,40,8,105,93,12,12,11,1,MA,1
1106,166717,34,11,23,2,0,2,0,0,0,17,6,11,4,2,2,0,0,0,11,3,8,0,0,0,0,0,0,0,0,0,MA,1
1107,166823,9466,3774,5692,23,9,14,183,84,99,2714,1021,1693,729,267,462,8,5,3,4453,1827,2626,293,112,181,1015,428,587,48,21,27,MA,1
1108,166850,4930,2349,2581,2,1,1,94,42,52,163,125,38,393,159,234,0,0,0,3371,1566,1805,84,43,41,734,352,382,89,61,28,MA,1
1109,166869,260,31,229,0,0,0,29,9,20,16,0,16,13,2,11,0,0,0,188,19,169,9,0,9,5,1,4,0,0,0,MA,1
1110,166887,10694,4372,6322,19,7,12,1333,587,746,877,369,508,1819,600,1219,8,2,6,6034,2556,3478,285,123,162,108,44,64,211,84,127,MA,1
1111,166911,482,121,361,0,0,0,7,4,3,12,7,5,41,11,30,0,0,0,151,39,112,7,1,6,262,58,204,2,1,1,MA,1
1112,166939,2326,2,2324,2,0,2,192,0,192,108,0,108,174,1,173,2,0,2,1085,1,1084,100,0,100,37,0,37,626,0,626,MA,1
1113,166957,4818,1631,3187,9,3,6,127,53,74,464,167,297,837,223,614,2,1,1,3140,1093,2047,79,26,53,134,58,76,26,7,19,MA,1
1114,167057,505,282,223,5,5,0,50,23,27,12,11,1,12,11,1,0,0,0,185,119,66,22,17,5,10,6,4,209,90,119,MA,1
1115,167260,1529,932,597,6,5,1,20,14,6,92,72,20,157,77,80,2,1,1,1161,708,453,54,35,19,12,3,9,25,17,8,MA,1
1116,167288,1572,587,985,4,3,1,28,9,19,143,70,73,149,68,81,1,0,1,1021,360,661,42,13,29,181,63,118,3,1,2,MA,1
1117,167312,7729,2763,4966,13,5,8,307,109,198,817,300,517,2022,641,1381,6,2,4,3900,1501,2399,403,139,264,248,61,187,13,5,8,MA,1
1118,167358,19769,9660,10109,8,5,3,2807,1272,1535,756,275,481,1620,736,884,1,0,1,8919,4575,4344,931,411,520,1250,622,628,3477,1764,1713,MA,1
1119,167376,6698,2449,4249,11,2,9,133,53,80,275,111,164,2741,848,1893,26,13,13,2845,1187,1658,107,43,64,506,168,338,54,24,30,MA,1
1120,167394,1330,364,966,3,0,3,22,7,15,109,34,75,163,41,122,1,0,1,583,128,455,20,4,16,424,149,275,5,1,4,MA,1
1121,167455,376,221,155,5,3,2,7,2,5,93,48,45,73,47,26,0,0,0,28,23,5,19,7,12,46,21,25,105,70,35,MA,1
1122,167525,5709,2090,3619,5,1,4,489,193,296,1246,379,867,470,139,331,11,2,9,2560,979,1581,118,42,76,634,273,361,176,82,94,MA,1
1123,167534,9897,3985,5912,35,12,23,525,253,272,1403,556,847,2033,711,1322,11,4,7,5119,2126,2993,272,105,167,460,198,262,39,20,19,MA,1
1124,167598,1865,319,1546,0,0,0,44,12,32,156,25,131,209,53,156,0,0,0,625,109,516,21,6,15,798,112,686,12,2,10,MA,1
1125,167631,2519,842,1677,12,3,9,59,27,32,1509,504,1005,523,161,362,10,4,6,216,81,135,65,24,41,88,25,63,37,13,24,MA,1
1126,167677,25,24,1,0,0,0,1,1,0,0,0,0,3,3,0,0,0,0,14,13,1,0,0,0,0,0,0,7,7,0,MA,1
1127,167729,7512,2820,4692,11,4,7,252,89,163,663,247,416,1381,426,955,5,0,5,4465,1756,2709,225,85,140,313,139,174,197,74,123,MA,1
1128,167783,1844,0,1844,1,0,1,191,0,191,120,0,120,143,0,143,0,0,0,1143,0,1143,84,0,84,66,0,66,96,0,96,MA,1
1129,167792,427,169,258,2,0,2,32,14,18,30,13,17,15,4,11,2,1,1,199,69,130,14,3,11,61,28,33,72,37,35,MA,1
1130,167835,2672,10,2662,2,0,2,249,0,249,167,0,167,318,1,317,2,0,2,1317,4,1313,127,0,127,114,5,109,376,0,376,MA,1
1131,167899,2226,1124,1102,6,3,3,54,21,33,121,82,39,174,103,71,1,0,1,1615,775,840,55,24,31,113,57,56,87,59,28,MA,1
1132,167905,6833,2762,4071,18,8,10,248,134,114,964,391,573,2004,672,1332,6,1,5,2822,1231,1591,223,86,137,481,215,266,67,24,43,MA,1
1133,167987,7452,3651,3801,9,4,5,260,130,130,1132,518,614,715,318,397,2,0,2,4149,2100,2049,302,135,167,720,337,383,163,109,54,MA,1
1134,167996,2563,1055,1508,3,1,2,59,15,44,94,57,37,122,48,74,0,0,0,2094,841,1253,59,27,32,103,50,53,29,16,13,MA,1
1135,168005,5319,2356,2963,8,3,5,389,141,248,287,103,184,710,279,431,6,2,4,2486,1061,1425,134,52,82,217,97,120,1082,618,464,MA,1
1136,168148,6383,3000,3383,4,1,3,891,355,536,267,119,148,476,221,255,2,2,0,3313,1623,1690,350,155,195,375,187,188,705,337,368,MA,1
1137,168218,2735,80,2655,2,0,2,564,0,564,162,1,161,318,0,318,0,0,0,905,0,905,176,0,176,218,77,141,390,2,388,MA,1
1138,168227,5290,4139,1151,5,3,2,423,333,90,305,226,79,442,326,116,7,5,2,3212,2579,633,133,100,33,416,306,110,347,261,86,MA,1
1139,168254,2790,1695,1095,5,3,2,94,57,37,119,70,49,257,145,112,4,1,3,2057,1247,810,69,45,24,98,60,38,87,67,20,MA,1
1140,168263,5911,2666,3245,17,6,11,93,43,50,317,152,165,667,267,400,2,1,1,4137,1845,2292,185,79,106,464,253,211,29,20,9,MA,1
1141,168281,1807,716,1091,2,0,2,81,27,54,98,42,56,157,63,94,0,0,0,1201,473,728,81,32,49,44,16,28,143,63,80,MA,1
1142,168342,2251,1138,1113,4,3,1,265,138,127,158,81,77,294,127,167,1,0,1,1130,598,532,129,59,70,83,38,45,187,94,93,MA,1
1143,168421,5165,3106,2059,9,8,1,363,170,193,146,95,51,431,245,186,2,2,0,3138,1896,1242,144,87,57,487,300,187,445,303,142,MA,1
1144,168430,6325,2440,3885,25,3,22,315,140,175,561,238,323,823,282,541,6,3,3,3910,1507,2403,183,71,112,425,170,255,77,26,51,MA,1
1145,168528,1784,898,886,8,3,5,6,2,4,119,81,38,101,55,46,1,0,1,1206,557,649,71,30,41,272,170,102,0,0,0,MI,3
1146,168546,1500,700,800,4,4,0,26,4,22,239,128,111,178,74,104,0,0,0,870,393,477,51,30,21,106,55,51,26,12,14,MI,3
1147,168591,1518,634,884,7,4,3,20,10,10,42,21,21,73,32,41,0,0,0,1198,489,709,60,29,31,71,32,39,47,17,30,MI,3
1148,168607,2250,1060,1190,38,19,19,28,11,17,21,10,11,47,26,21,5,0,5,2071,973,1098,0,0,0,40,21,19,0,0,0,MI,3
1149,168740,2287,1004,1283,6,2,4,316,154,162,386,157,229,371,135,236,10,4,6,702,311,391,130,62,68,59,19,40,307,160,147,MI,3
1150,168786,1563,668,895,6,2,4,25,8,17,72,30,42,127,52,75,2,0,2,1026,428,598,31,14,17,222,102,120,52,32,20,MI,3
1151,168847,8528,2527,6001,36,8,28,127,51,76,772,173,599,388,136,252,11,4,7,6520,1964,4556,590,159,431,84,32,52,0,0,0,MI,3
1152,168883,2478,931,1547,60,22,38,23,5,18,31,21,10,65,34,31,3,1,2,2176,802,1374,99,36,63,21,10,11,0,0,0,MI,3
1153,169080,3782,1763,2019,3,1,2,221,93,128,154,75,79,214,91,123,1,1,0,2549,1177,1372,117,58,59,55,27,28,468,240,228,MI,3
1154,169248,16237,6511,9726,131,48,83,185,67,118,1644,668,976,820,325,495,12,4,8,12005,4873,7132,638,233,405,167,71,96,635,222,413,MI,3
1155,169275,9668,3750,5918,32,14,18,78,34,44,1610,532,1078,479,186,293,17,9,8,6463,2591,3872,508,182,326,448,186,262,33,16,17,MI,3
1156,169327,629,340,289,8,2,6,4,3,1,52,22,30,7,5,2,0,0,0,356,206,150,1,0,1,201,102,99,0,0,0,MI,3
1157,169363,1041,464,577,5,3,2,11,5,6,115,71,44,16,6,10,3,1,2,775,316,459,57,25,32,34,17,17,25,20,5,MI,3
1158,169442,1517,607,910,3,1,2,82,41,41,184,88,96,87,28,59,3,2,1,827,297,530,63,21,42,173,55,118,95,74,21,MI,3
1159,169479,6377,2772,3605,40,18,22,174,75,99,800,272,528,414,171,243,13,10,3,4066,1802,2264,201,101,100,499,231,268,170,92,78,MI,3
1160,169521,10408,4231,6177,40,11,29,101,46,55,821,269,552,771,328,443,8,3,5,7918,3236,4682,331,136,195,378,183,195,40,19,21,MI,3
1161,169655,1891,1768,123,5,4,1,81,77,4,305,287,18,481,449,32,11,10,1,777,728,49,73,65,8,154,144,10,4,4,0,MI,3
1162,169716,3062,1169,1893,11,2,9,175,60,115,407,124,283,237,112,125,4,2,2,1652,577,1075,70,31,39,315,151,164,191,110,81,MI,3
1163,169798,17262,6790,10472,42,11,31,552,247,305,2947,1086,1861,1092,429,663,15,11,4,10702,4255,6447,622,252,370,940,323,617,350,176,174,MI,3
1164,169910,13351,6130,7221,58,20,38,190,93,97,1129,448,681,893,374,519,10,2,8,10209,4796,5413,539,216,323,136,70,66,187,111,76,MI,3
1165,169974,1614,684,930,5,3,2,15,8,7,58,24,34,231,86,145,0,0,0,1216,528,688,59,21,38,29,14,15,1,0,1,MI,3
1166,169983,2068,1642,426,4,1,3,114,83,31,38,23,15,103,81,22,1,0,1,1538,1239,299,73,57,16,86,70,16,111,88,23,MI,3
1167,169992,1163,483,680,22,8,14,5,4,1,25,18,7,24,12,12,0,0,0,1021,410,611,29,12,17,36,18,18,1,1,0,MI,3
1168,170000,1489,623,866,11,5,6,29,16,13,347,122,225,116,46,70,4,2,2,738,332,406,50,23,27,191,77,114,3,0,3,MI,3
1169,170037,1961,717,1244,6,4,2,35,10,25,243,82,161,114,31,83,2,1,1,1438,530,908,43,16,27,9,2,7,71,41,30,MI,3
1170,170055,18960,8585,10375,93,41,52,775,354,421,1720,709,1011,2566,1080,1486,9,6,3,12047,5598,6449,548,209,339,1136,560,576,66,28,38,MI,3
1171,170082,23127,9439,13688,78,28,50,577,242,335,1025,423,602,1371,536,835,13,5,8,18826,7672,11154,871,329,542,75,43,32,291,161,130,MI,3
1172,170091,181,95,86,2,1,1,3,1,2,46,32,14,4,3,1,0,0,0,117,53,64,3,2,1,0,0,0,6,3,3,MI,3
1173,170240,16680,7358,9322,54,25,29,438,210,228,2951,1087,1864,637,281,356,22,6,16,9270,4255,5015,756,338,418,2208,980,1228,344,176,168,MI,3
1174,170286,1619,823,796,0,0,0,0,0,0,0,0,0,0,0,0,0,0,0,0,0,0,0,0,0,1619,823,796,0,0,0,MI,3
1175,170301,3158,1225,1933,1,0,1,72,27,45,90,46,44,239,93,146,0,0,0,2569,991,1578,100,34,66,15,8,7,72,26,46,MI,3
1176,170444,5985,2132,3853,21,6,15,76,45,31,609,228,381,352,112,240,5,1,4,4148,1434,2714,229,77,152,532,220,312,13,9,4,MI,3
1177,170532,1510,639,871,2,2,0,106,45,61,109,45,64,223,75,148,1,0,1,845,361,484,69,29,40,41,20,21,114,62,52,MI,3
1178,170541,11012,5125,5887,86,37,49,245,117,128,1319,555,764,763,334,429,11,3,8,7608,3623,3985,515,209,306,311,147,164,154,100,54,MI,3
1179,170550,6853,2810,4043,50,25,25,152,55,97,622,252,370,335,129,206,9,5,4,4584,1784,2800,337,127,210,737,424,313,27,9,18,MI,3
1180,170587,2311,1035,1276,26,11,15,16,6,10,26,8,18,61,22,39,4,1,3,2021,896,1125,37,20,17,118,70,48,2,1,1,MI,3
1181,170620,4220,1711,2509,10,6,4,71,33,38,531,179,352,507,201,306,1,1,0,2665,1117,1548,152,56,96,283,118,165,0,0,0,MI,3
1182,170639,2194,989,1205,201,75,126,24,11,13,39,20,19,47,21,26,0,0,0,1720,776,944,0,0,0,89,39,50,74,47,27,MI,3
1183,170657,16021,7260,8761,71,35,36,549,249,300,1499,690,809,1317,592,725,32,19,13,11021,4972,6049,637,254,383,640,320,320,255,129,126,MI,3
1184,170675,2286,1624,662,2,0,2,72,49,23,183,127,56,64,52,12,0,0,0,1403,986,417,45,40,5,261,168,93,256,202,54,MI,3
1185,170790,27402,12376,15026,99,44,55,1528,751,777,3216,1121,2095,949,409,540,33,17,16,18829,8828,10001,774,337,437,1624,717,907,350,152,198,MI,3
1186,170806,2989,1000,1989,4,0,4,81,24,57,319,131,188,134,32,102,4,3,1,1796,545,1251,88,30,58,148,42,106,415,193,222,MI,3
1187,170967,1205,414,791,7,2,5,15,6,9,223,61,162,19,11,8,1,0,1,827,280,547,30,9,21,58,27,31,25,18,7,MI,3
1188,170976,32146,16147,15999,40,20,20,4952,2539,2413,1301,536,765,2196,1094,1102,14,9,5,18082,8874,9208,1513,732,781,1458,797,661,2590,1546,1044,MI,3
1189,171100,42294,20852,21442,79,38,41,2537,1319,1218,3237,1250,1987,2204,1001,1203,30,12,18,28403,13994,14409,1422,631,791,405,203,202,3977,2404,1573,MI,3
1190,171128,6296,4469,1827,19,10,9,127,73,54,66,47,19,135,94,41,2,1,1,5483,3927,1556,236,150,86,104,74,30,124,93,31,MI,3
1191,171137,7803,4181,3622,18,8,10,677,429,248,721,264,457,475,221,254,8,4,4,5216,2877,2339,292,164,128,186,80,106,210,134,76,MI,3
1192,171146,6689,2477,4212,44,18,26,135,54,81,857,235,622,346,108,238,8,3,5,4423,1659,2764,223,73,150,475,211,264,178,116,62,MI,3
1193,171155,4750,1861,2889,46,18,28,39,19,20,189,104,85,211,74,137,5,1,4,3900,1467,2433,162,76,86,144,81,63,54,21,33,MI,3
1194,171225,3293,1372,1921,16,10,6,24,9,15,108,34,74,116,38,78,1,0,1,2732,1156,1576,39,20,19,253,103,150,4,2,2,MI,3
1195,171234,1945,755,1190,8,4,4,2,0,2,5,2,3,8,1,7,2,1,1,1154,410,744,26,11,15,737,326,411,3,0,3,MI,3
1196,171304,5468,2319,3149,35,15,20,58,22,36,449,147,302,393,176,217,4,1,3,4066,1748,2318,216,83,133,225,109,116,22,18,4,MI,3
1197,171395,3154,1261,1893,107,47,60,26,6,20,27,8,19,76,28,48,7,2,5,2718,1085,1633,130,53,77,57,29,28,6,3,3,MI,3
1198,171456,9285,4199,5086,121,54,67,61,23,38,177,117,60,346,165,181,5,5,0,7720,3442,4278,420,177,243,310,151,159,125,65,60,MI,3
1199,171483,4546,2154,2392,76,33,43,52,19,33,61,35,26,180,72,108,10,6,4,3648,1745,1903,151,55,96,352,181,171,16,8,8,MI,3
1200,171492,3100,1803,1297,7,5,2,39,20,19,314,182,132,220,110,110,5,3,2,2051,1195,856,78,44,34,290,179,111,96,65,31,MI,3
1201,171535,23813,11042,12771,72,30,42,951,525,426,4223,1595,2628,1191,538,653,37,22,15,13657,6595,7062,947,412,535,1200,692,508,1535,633,902,MI,3
1202,171571,18047,7767,10280,50,26,24,1023,487,536,1384,472,912,744,314,430,16,6,10,12700,5483,7217,551,221,330,1143,524,619,436,234,202,MI,3
1203,171599,1180,644,536,2,1,1,3,0,3,229,165,64,62,32,30,2,1,1,775,403,372,56,29,27,46,11,35,5,2,3,MI,3
1204,171881,146,53,93,1,0,1,5,4,1,5,2,3,6,3,3,0,0,0,90,29,61,6,4,2,25,8,17,8,3,5,MI,3
1205,172033,317,173,144,1,1,0,6,4,2,8,2,6,48,21,27,0,0,0,226,126,100,2,2,0,11,7,4,15,10,5,MI,3
1206,172051,8261,3188,5073,22,11,11,80,30,50,667,279,388,396,155,241,2,1,1,6217,2250,3967,274,103,171,200,90,110,403,269,134,MI,3
1207,172200,15561,6676,8885,67,31,36,873,423,450,2326,690,1636,768,334,434,20,7,13,9582,4380,5202,543,214,329,1160,484,676,222,113,109,MI,3
1208,172264,2819,1163,1656,15,5,10,29,11,18,297,154,143,183,66,117,4,1,3,1698,669,1029,95,41,54,431,166,265,67,50,17,MI,3
1209,172291,4612,1712,2900,74,41,33,35,9,26,152,52,100,194,65,129,4,2,2,3678,1352,2326,79,30,49,391,158,233,5,3,2,MI,3
1210,172307,2513,975,1538,33,18,15,35,18,17,288,110,178,119,42,77,6,4,2,1717,657,1060,94,32,62,220,93,127,1,1,0,MI,3
1211,172334,1750,560,1190,8,1,7,18,5,13,162,43,119,69,15,54,2,0,2,1188,376,812,47,18,29,254,101,153,2,1,1,MI,3
1212,172440,498,244,254,7,4,3,5,1,4,22,18,4,30,22,8,2,1,1,281,124,157,22,13,9,128,60,68,1,1,0,MI,3
1213,172608,1078,536,542,4,1,3,64,38,26,62,23,39,39,15,24,1,1,0,851,428,423,21,13,8,16,9,7,20,8,12,MI,3
1214,172617,20899,10713,10186,72,34,38,1047,514,533,2626,1074,1552,1260,647,613,27,19,8,12825,6403,6422,1033,439,594,1536,1327,209,473,256,217,MI,3
1215,172635,19989,7483,12506,30,9,21,135,50,85,13220,4735,8485,391,147,244,23,9,14,3695,1548,2147,977,358,619,1445,579,866,73,48,25,MI,3
1216,172644,20110,8572,11538,52,19,33,2130,1004,1126,3225,1124,2101,1101,444,657,19,9,10,11177,4984,6193,1358,535,823,644,266,378,404,187,217,MI,3
1217,172671,1592,571,1021,23,8,15,7,2,5,23,5,18,150,51,99,1,0,1,1292,472,820,51,15,36,35,14,21,10,4,6,MI,3
1218,172699,18069,9235,8834,88,47,41,401,201,200,1952,829,1123,1322,622,700,19,12,7,12225,6319,5906,670,301,369,281,143,138,1111,761,350,MI,3
1219,172866,140,119,21,1,0,1,8,7,1,12,8,4,6,6,0,1,1,0,82,73,9,1,1,0,29,23,6,0,0,0,MN,4
1220,172918,3678,1750,1928,20,7,13,30,17,13,64,24,40,142,73,69,2,1,1,3048,1380,1668,114,56,58,254,190,64,4,2,2,MN,4
1221,172954,2533,1163,1370,15,4,11,124,60,64,313,118,195,137,59,78,0,0,0,1757,845,912,111,40,71,73,35,38,3,2,1,MN,4
1222,172963,11367,4373,6994,56,16,40,689,296,393,1081,487,594,653,253,400,8,2,6,7748,2830,4918,554,204,350,524,253,271,54,32,22,MN,4
1223,173045,2811,1232,1579,20,10,10,279,100,179,523,206,317,334,150,184,3,2,1,1239,591,648,150,58,92,175,81,94,88,34,54,MN,4
1224,173063,4864,2034,2830,19,6,13,149,57,92,304,136,168,597,217,380,9,1,8,3495,1474,2021,125,62,63,121,58,63,45,23,22,MN,4
1225,173115,1751,472,1279,94,19,75,18,4,14,95,19,76,58,19,39,0,0,0,1332,347,985,85,28,57,67,35,32,2,1,1,MN,4
1226,173124,5564,2374,3190,159,43,116,70,32,38,181,114,67,161,63,98,5,1,4,4358,1813,2545,206,87,119,279,140,139,145,81,64,MN,4
1227,173142,884,397,487,2,0,2,19,10,9,20,12,8,57,28,29,1,1,0,620,260,360,26,8,18,16,6,10,123,72,51,MN,4
1228,173160,3243,1202,2041,11,4,7,152,37,115,157,55,102,164,63,101,5,3,2,2522,937,1585,135,65,70,82,30,52,15,8,7,MN,4
1229,173203,5769,2360,3409,53,18,35,49,16,33,134,70,64,180,56,124,4,2,2,5032,2067,2965,201,78,123,100,43,57,16,10,6,MN,4
1230,173258,2150,1047,1103,2,1,1,193,98,95,103,45,58,185,88,97,0,0,0,1233,612,621,157,73,84,36,15,21,241,115,126,MN,4
1231,173300,2040,865,1175,13,5,8,40,10,30,54,30,24,51,28,23,2,1,1,1679,700,979,34,19,15,83,32,51,84,40,44,MN,4
1232,173328,3941,1518,2423,17,6,11,377,118,259,463,209,254,249,89,160,8,3,5,2303,854,1449,178,60,118,197,87,110,149,92,57,MN,4
1233,173416,3349,1939,1410,16,11,5,103,66,37,327,163,164,280,153,127,2,1,1,2223,1318,905,130,73,57,254,146,108,14,8,6,MN,4
1234,173452,1196,513,683,1,1,0,9,4,5,17,12,5,25,9,16,1,0,1,1109,471,638,14,4,10,3,2,1,17,10,7,MN,4
1235,173461,7527,3493,4034,102,50,52,127,67,60,236,124,112,223,109,114,4,4,0,6139,2811,3328,302,117,185,336,170,166,58,41,17,MN,4
1236,173559,7517,2969,4548,90,33,57,140,64,76,657,310,347,304,117,187,4,3,1,5822,2236,3586,301,121,180,162,66,96,37,19,18,MN,4
1237,173638,4900,2142,2758,40,13,27,137,52,85,333,173,160,454,179,275,1,0,1,3618,1588,2030,114,40,74,165,78,87,38,19,19,MN,4
1238,173647,2611,918,1693,2,2,0,136,46,90,85,30,55,117,49,68,3,2,1,2067,707,1360,110,35,75,17,8,9,74,39,35,MN,4
1239,173665,2219,837,1382,7,4,3,187,62,125,215,73,142,220,80,140,2,1,1,1339,532,807,136,40,96,81,33,48,32,12,20,MN,4
1240,173708,6420,3967,2453,36,18,18,691,477,214,1361,709,652,554,315,239,8,5,3,3367,2222,1145,257,140,117,112,70,42,34,11,23,MN,4
1241,173735,1349,551,798,19,8,11,7,2,5,75,40,35,49,32,17,2,1,1,1104,424,680,71,34,37,14,7,7,8,3,5,MN,4
1242,173799,6137,2421,3716,30,13,17,357,142,215,737,306,431,653,235,418,3,2,1,3805,1496,2309,306,107,199,198,99,99,48,21,27,MN,4
1243,173805,1653,718,935,31,13,18,11,5,6,154,121,33,54,32,22,2,1,1,1263,490,773,97,37,60,19,4,15,22,15,7,MN,4
1244,173902,2118,884,1234,6,3,3,166,66,100,88,28,60,183,63,120,2,2,0,1197,508,689,142,55,87,11,2,9,323,157,166,MN,4
1245,173911,4454,2327,2127,10,4,6,56,23,33,386,168,218,406,172,234,1,0,1,3262,1761,1501,93,46,47,190,134,56,50,19,31,MN,4
1246,173920,14849,6819,8030,43,18,25,520,241,279,787,384,403,828,365,463,10,7,3,10644,4635,6009,514,208,306,219,103,116,1284,858,426,MN,4
1247,173993,1403,591,812,34,5,29,5,2,3,119,93,26,42,26,16,2,1,1,1074,408,666,74,27,47,47,26,21,6,3,3,MN,4
1248,174020,9166,3770,5396,42,12,30,1444,556,888,2076,881,1195,637,230,407,12,4,8,4241,1797,2444,394,143,251,71,29,42,249,118,131,MN,4
1249,174066,46135,20815,25320,131,58,73,4752,2124,2628,2528,1001,1527,2251,961,1290,37,19,18,25349,11534,13815,1679,711,968,6138,2571,3567,3270,1836,1434,MN,4
1250,174075,3222,1459,1763,55,18,37,84,40,44,156,101,55,93,44,49,4,0,4,2165,940,1225,72,33,39,492,220,272,101,63,38,MN,4
1251,174127,754,229,525,14,5,9,67,25,42,37,16,21,71,24,47,3,2,1,491,140,351,23,7,16,24,5,19,24,5,19,MN,4
1252,174136,10004,4297,5707,119,47,72,523,201,322,3105,1236,1869,1227,526,701,9,6,3,3676,1706,1970,621,243,378,519,236,283,205,96,109,MN,4
1253,174154,827,103,724,8,0,8,92,17,75,178,32,146,44,4,40,0,0,0,356,34,322,33,5,28,115,11,104,1,0,1,MN,4
1254,174233,10456,5422,5034,60,29,31,378,181,197,220,117,103,323,169,154,5,4,1,8111,4269,3842,339,171,168,836,386,450,184,96,88,MN,4
1255,174251,1637,683,954,125,53,72,35,16,19,38,18,20,99,39,60,0,0,0,929,373,556,241,98,143,32,16,16,138,70,68,MN,4
1256,174358,5765,2219,3546,46,8,38,113,44,69,289,148,141,198,80,118,5,3,2,4505,1663,2842,234,81,153,83,41,42,292,151,141,MN,4
1257,174376,9097,3616,5481,22,9,13,1248,503,745,2045,800,1245,718,263,455,6,2,4,4207,1699,2508,456,160,296,233,102,131,162,78,84,MN,4
1258,174428,14606,6260,8346,45,17,28,1185,479,706,2305,1005,1300,1523,636,887,12,2,10,7663,3266,4397,742,314,428,962,464,498,169,77,92,MN,4
1259,174437,1177,494,683,5,2,3,43,18,25,70,35,35,108,48,60,4,1,3,812,341,471,61,22,39,59,22,37,15,5,10,MN,4
1260,174473,4287,1754,2533,70,24,46,61,21,40,345,163,182,194,85,109,2,0,2,3339,1349,1990,160,54,106,91,43,48,25,15,10,MN,4
1261,174491,3805,1415,2390,12,6,6,124,37,87,117,56,61,148,55,93,1,0,1,3146,1167,1979,129,42,87,91,31,60,37,21,16,MN,4
1262,174507,490,134,356,5,2,3,31,9,22,22,2,20,2,1,1,0,0,0,123,28,95,5,1,4,300,91,209,2,0,2,MN,4
1263,174525,106,61,45,4,2,2,1,1,0,2,0,2,1,1,0,2,0,2,88,53,35,8,4,4,0,0,0,0,0,0,MN,4
1264,174570,2631,1104,1527,17,7,10,53,26,27,89,36,53,85,37,48,2,2,0,2197,906,1291,101,44,57,85,45,40,2,1,1,MN,4
1265,174604,302,126,176,11,2,9,2,2,0,28,19,9,25,18,7,1,0,1,202,72,130,19,10,9,4,2,2,10,1,9,MN,4
1266,174738,6750,2591,4159,13,5,8,336,130,206,853,397,456,516,182,334,2,0,2,4583,1698,2885,264,91,173,121,57,64,62,31,31,MN,4
1267,174747,1789,0,1789,13,0,13,85,0,85,49,0,49,152,0,152,1,0,1,1423,0,1423,1,0,1,0,0,0,65,0,65,MN,4
1268,174756,5495,2285,3210,20,5,15,81,38,43,921,407,514,298,123,175,11,10,1,3819,1553,2266,229,99,130,85,32,53,31,18,13,MN,4
1269,174783,13024,5943,7081,25,9,16,701,368,333,986,512,474,495,226,269,6,4,2,9136,3937,5199,461,196,265,230,109,121,984,582,402,MN,4
1270,174792,1655,1655,0,12,12,0,66,66,0,76,76,0,125,125,0,5,5,0,1291,1291,0,0,0,0,0,0,0,80,80,0,MN,4
1271,174817,1603,711,892,8,6,2,53,24,29,169,81,88,118,48,70,2,1,1,1066,464,602,9,5,4,122,44,78,56,38,18,MN,4
1272,174844,3149,1317,1832,0,0,0,220,64,156,87,41,46,218,103,115,1,1,0,2141,903,1238,120,46,74,16,4,12,346,155,191,MN,4
1273,174862,1315,596,719,3,0,3,68,41,27,75,38,37,69,34,35,3,0,3,1044,463,581,32,14,18,0,0,0,21,6,15,MN,4
1274,174899,2922,832,2090,34,11,23,77,15,62,112,34,78,95,25,70,1,0,1,2400,669,1731,102,38,64,47,6,41,54,34,20,MN,4
1275,174914,6780,3585,3195,7,3,4,304,150,154,258,129,129,429,202,227,3,2,1,5032,2716,2316,238,124,114,303,135,168,206,124,82,MN,4
1276,175005,3822,208,3614,8,0,8,435,23,412,404,34,370,412,24,388,11,3,8,2240,105,2135,141,8,133,150,11,139,21,0,21,MN,4
1277,175014,6833,1069,5764,27,5,22,276,63,213,1251,271,980,383,62,321,11,1,10,3200,522,2678,200,28,172,1485,117,1368,0,0,0,MN,4
1278,175041,9512,4007,5505,52,22,30,1798,738,1060,3197,1266,1931,851,323,528,6,2,4,2859,1362,1497,425,145,280,232,109,123,92,40,52,MN,4
1279,175078,7984,3161,4823,24,5,19,172,65,107,223,130,93,365,158,207,7,3,4,6653,2519,4134,224,98,126,166,88,78,150,95,55,MN,4
1280,175157,895,482,413,12,7,5,6,4,2,100,85,15,30,16,14,1,0,1,684,334,350,37,22,15,20,12,8,5,2,3,MN,4
1281,175227,1545,1276,269,9,7,2,83,71,12,89,70,19,82,72,10,6,5,1,1190,977,213,45,37,8,36,32,4,5,5,0,MN,4
1282,175236,4242,1783,2459,19,10,9,41,15,26,155,83,72,367,122,245,6,1,5,3430,1438,1992,112,56,56,105,53,52,7,5,2,MN,4
1283,175263,2707,1258,1449,24,10,14,58,27,31,119,60,59,135,58,77,2,1,1,2186,1022,1164,84,41,43,94,38,56,5,1,4,MN,4
1284,175272,7785,2691,5094,19,9,10,203,57,146,273,127,146,340,124,216,3,3,0,6395,2123,4272,239,88,151,86,31,55,227,129,98,MN,4
1285,175315,12199,5233,6966,36,12,24,2019,866,1153,1364,571,793,1070,391,679,10,3,7,6649,2907,3742,578,238,340,279,148,131,194,97,97,MN,4
1286,175342,3427,1219,2208,4,1,3,7,5,2,3131,1080,2051,17,7,10,17,6,11,103,52,51,0,0,0,0,0,0,148,68,80,MS,5
1287,175421,3091,1095,1996,16,6,10,334,147,187,1051,307,744,134,39,95,2,2,0,1106,416,690,71,26,45,345,137,208,32,15,17,MS,5
1288,175430,911,401,510,6,4,2,5,3,2,123,53,70,38,18,20,0,0,0,684,293,391,22,8,14,8,2,6,25,20,5,MS,5
1289,175519,2290,875,1415,6,2,4,4,2,2,2098,780,1318,11,5,6,5,3,2,128,67,61,11,7,4,15,3,12,12,6,6,MS,5
1290,175573,4178,1580,2598,9,2,7,23,7,16,1711,638,1073,56,20,36,3,2,1,2140,816,1324,33,10,23,203,85,118,0,0,0,MS,5
1291,175616,3857,1571,2286,8,1,7,30,13,17,1017,380,637,264,97,167,3,2,1,2199,915,1284,67,41,26,141,64,77,128,58,70,MS,5
1292,175643,2941,1131,1810,186,63,123,17,8,9,947,331,616,81,36,45,8,5,3,1570,626,944,72,35,37,39,15,24,21,12,9,MS,5
1293,175652,5166,2205,2961,55,24,31,56,30,26,2420,879,1541,93,41,52,0,0,0,2359,1153,1206,15,11,4,168,67,101,0,0,0,MS,5
1294,175786,16814,6812,10002,25,9,16,150,68,82,9136,3340,5796,340,138,202,3,2,1,5420,2261,3159,569,193,376,1171,801,370,0,0,0,MS,5
1295,175810,8142,2813,5329,11,6,5,95,43,52,3530,995,2535,126,45,81,1,1,0,4179,1647,2532,53,22,31,146,54,92,1,0,1,MS,5
1296,175829,6477,2497,3980,11,3,8,50,14,36,1606,578,1028,148,61,87,1,1,0,4497,1773,2724,116,48,68,48,19,29,0,0,0,MS,5
1297,175856,5814,2035,3779,16,6,10,14,3,11,5348,1824,3524,57,28,29,0,0,0,177,77,100,80,21,59,0,0,0,122,76,46,MS,5
1298,175883,6009,2277,3732,42,16,26,36,13,23,1882,604,1278,66,30,36,5,3,2,3828,1547,2281,109,45,64,41,19,22,0,0,0,MS,5
1299,175935,5887,1578,4309,77,22,55,38,14,24,2407,547,1860,67,24,43,1,0,1,2846,829,2017,82,28,54,369,114,255,0,0,0,MS,5
1300,175980,792,359,433,6,5,1,26,7,19,185,75,110,36,14,22,0,0,0,475,227,248,6,2,4,18,7,11,40,22,18,MS,5
1301,176008,4340,1585,2755,4,3,1,27,20,7,2661,969,1692,78,28,50,0,0,0,1445,502,943,0,0,0,125,63,62,0,0,0,MS,5
1302,176017,19151,8349,10802,60,28,32,379,178,201,2512,892,1620,700,296,404,15,7,8,14511,6472,8039,450,184,266,33,23,10,491,269,222,MS,5
1303,176035,3194,655,2539,33,9,24,67,22,45,1203,161,1042,15,7,8,0,0,0,1823,439,1384,1,1,0,0,0,0,52,16,36,MS,5
1304,176044,2166,850,1316,2,0,2,6,3,3,1969,768,1201,24,10,14,4,1,3,41,17,24,8,3,5,112,48,64,0,0,0,MS,5
1305,176053,3176,1258,1918,19,11,8,62,16,46,589,222,367,119,46,73,2,2,0,2239,879,1360,34,10,24,6,2,4,106,70,36,MS,5
1306,176071,12001,4705,7296,43,17,26,324,139,185,2741,1006,1735,689,269,420,16,5,11,7032,2774,4258,576,217,359,580,278,302,0,0,0,MS,5
1307,176080,20288,10284,10004,133,50,83,291,186,105,3744,1631,2113,644,326,318,16,7,9,14660,7626,7034,416,197,219,85,51,34,299,210,89,MS,5
1308,176169,4303,1667,2636,9,3,6,17,5,12,701,334,367,76,38,38,1,1,0,3403,1257,2146,68,22,46,28,7,21,0,0,0,MS,5
1309,176178,10336,4060,6276,21,6,15,115,57,58,3262,1151,2111,431,164,267,13,4,9,6215,2554,3661,230,102,128,49,22,27,0,0,0,MS,5
1310,176239,6657,2357,4300,30,10,20,54,21,33,1979,611,1368,137,51,86,0,0,0,4204,1558,2646,0,0,0,243,100,143,10,6,4,MS,5
1311,176318,884,357,527,0,0,0,0,0,0,809,316,493,2,2,0,0,0,0,1,0,1,0,0,0,57,28,29,15,11,4,MS,5
1312,176336,72,46,26,5,1,4,0,0,0,44,31,13,0,0,0,0,0,0,21,12,9,2,2,0,0,0,0,0,0,0,MS,5
1313,176354,2686,1005,1681,5,2,3,11,6,5,1176,431,745,56,24,32,1,1,0,1335,495,840,36,16,20,57,26,31,9,4,5,MS,5
1314,176372,13237,4944,8293,61,25,36,184,86,98,3728,1221,2507,466,172,294,19,8,11,8094,3135,4959,460,173,287,2,1,1,223,123,100,MS,5
1315,176406,778,275,503,0,0,0,0,0,0,755,266,489,2,1,1,0,0,0,1,1,0,0,0,0,0,0,0,20,7,13,MS,5
1316,176479,4727,1709,3018,20,4,16,94,39,55,1282,416,866,115,46,69,0,0,0,2953,1089,1864,27,7,20,84,22,62,152,86,66,MS,5
1317,176628,1670,599,1071,8,3,5,34,9,25,389,158,231,224,73,151,5,1,4,864,250,614,38,14,24,0,0,0,108,91,17,MO,4
1318,176664,225,115,110,3,1,2,3,2,1,12,11,1,9,5,4,0,0,0,185,90,95,12,5,7,0,0,0,1,1,0,MO,4
1319,176770,990,131,859,1,1,0,21,3,18,17,3,14,22,5,17,1,1,0,841,109,732,33,2,31,54,7,47,0,0,0,MO,4
1320,176789,456,219,237,5,2,3,5,2,3,25,17,8,19,7,12,15,10,5,356,167,189,17,6,11,13,7,6,1,1,0,MO,4
1321,176910,245,146,99,1,1,0,0,0,0,21,15,6,17,11,6,0,0,0,178,101,77,12,8,4,11,6,5,5,4,1,MO,4
1322,176947,1215,609,606,3,1,2,11,6,5,132,99,33,108,55,53,0,0,0,802,353,449,41,19,22,21,11,10,97,65,32,MO,4
1323,176965,11611,5083,6528,31,12,19,106,39,67,948,389,559,589,251,338,31,13,18,8780,3821,4959,537,225,312,364,187,177,225,146,79,MO,4
1324,177038,173,54,119,1,1,0,4,2,2,11,5,6,12,6,6,0,0,0,130,31,99,7,3,4,8,6,2,0,0,0,KS,4
1325,177065,13242,5827,7415,73,26,47,250,151,99,3115,1188,1927,1315,603,712,54,28,26,7026,3197,3829,719,280,439,339,180,159,351,174,177,MO,4
1326,177083,47,46,1,0,0,0,2,2,0,0,0,0,8,8,0,0,0,0,35,34,1,1,1,0,1,1,0,0,0,0,MO,4
1327,177117,266,0,266,2,0,2,1,0,1,13,0,13,22,0,22,1,0,1,182,0,182,11,0,11,0,0,0,34,0,34,MO,4
1328,177135,5646,2149,3497,82,27,55,85,31,54,90,41,49,577,266,311,33,8,25,4280,1547,2733,232,76,156,224,129,95,43,24,19,MO,4
1329,177144,1119,592,527,6,2,4,8,7,1,142,112,30,70,44,26,3,3,0,793,352,441,44,26,18,0,0,0,53,46,7,MO,4
1330,177214,1554,665,889,16,5,11,16,7,9,47,17,30,25,10,15,6,2,4,1239,522,717,54,19,35,32,15,17,119,68,51,MO,4
1331,177250,3519,1399,2120,17,6,11,31,15,16,42,21,21,96,39,57,3,2,1,3192,1249,1943,94,48,46,37,14,23,7,5,2,MO,4
1332,177339,1881,823,1058,15,6,9,18,3,15,77,52,25,148,60,88,1,0,1,1420,625,795,98,34,64,88,31,57,16,12,4,MO,4
1333,177418,1003,374,629,2,2,0,18,5,13,193,49,144,28,7,21,1,1,0,615,257,358,36,14,22,35,14,21,75,25,50,MO,4
1334,177472,16121,6517,9604,82,32,50,288,117,171,446,196,250,893,364,529,29,10,19,13200,5290,7910,818,317,501,365,191,174,0,0,0,MO,4
1335,177542,895,323,572,0,0,0,6,2,4,35,10,25,26,12,14,9,3,6,712,231,481,7,3,4,45,12,33,55,50,5,MO,4
1336,177551,1890,608,1282,4,2,2,9,3,6,1574,468,1106,57,26,31,0,0,0,75,51,24,56,15,41,69,16,53,46,27,19,MO,4
1337,177676,5180,1949,3231,22,8,14,51,18,33,109,38,71,169,58,111,8,3,5,4675,1749,2926,110,47,63,22,17,5,14,11,3,MO,4
1338,177719,895,112,783,1,0,1,26,3,23,70,10,60,21,3,18,3,1,2,681,81,600,26,5,21,45,7,38,22,2,20,MO,4
1339,177746,719,199,520,3,1,2,33,10,23,46,21,25,88,23,65,0,0,0,477,126,351,47,12,35,21,5,16,4,1,3,MO,4
1340,177940,2779,1134,1645,10,5,5,31,10,21,1125,461,664,77,39,38,2,1,1,1305,524,781,72,23,49,95,46,49,62,25,37,MO,4
1341,177968,6351,2866,3485,29,15,14,71,34,37,862,341,521,274,121,153,34,12,22,3605,1614,1991,168,72,96,662,271,391,646,386,260,MO,4
1342,177977,1899,1499,400,4,2,2,12,10,2,25,13,12,34,32,2,0,0,0,1758,1389,369,32,23,9,34,30,4,0,0,0,MO,4
1343,177986,418,137,281,4,2,2,12,6,6,51,12,39,10,4,6,3,1,2,282,95,187,26,10,16,30,7,23,0,0,0,MO,4
1344,177995,21040,8472,12568,56,22,34,628,265,363,3317,1148,2169,2488,969,1519,46,15,31,12245,5105,7140,1510,628,882,531,217,314,219,103,116,MO,4
1345,178059,5872,1927,3945,35,9,26,157,54,103,809,213,596,434,145,289,0,0,0,3744,1208,2536,220,65,155,300,106,194,173,127,46,MO,4
1346,178208,1132,797,335,15,11,4,41,16,25,62,46,16,60,53,7,0,0,0,875,615,260,8,7,1,69,48,21,2,1,1,MO,4
1347,178217,3301,1131,2170,14,5,9,14,7,7,61,32,29,63,28,35,2,1,1,2981,991,1990,73,29,44,67,25,42,26,13,13,MO,4
1348,178244,4725,1895,2830,49,22,27,78,41,37,304,177,127,50,24,26,8,7,1,2887,1084,1803,67,29,38,1226,475,751,56,36,20,MO,4
1349,178341,6457,2578,3879,206,77,129,187,73,114,439,253,186,490,186,304,39,33,6,4618,1758,2860,142,62,80,193,72,121,143,64,79,MO,4
1350,178369,1947,1029,918,11,6,5,15,11,4,262,193,69,175,84,91,18,11,7,1035,439,596,77,37,40,68,30,38,286,218,68,MO,4
1351,178387,5903,2300,3603,27,9,18,86,29,57,562,271,291,153,62,91,10,4,6,4523,1699,2824,375,156,219,100,32,68,67,38,29,MO,4
1352,178396,24146,11391,12755,58,20,38,666,341,325,1718,693,1025,1131,515,616,20,12,8,18694,8889,9805,1009,456,553,245,142,103,605,323,282,MO,4
1353,178402,12938,5450,7488,28,11,17,874,382,492,1405,479,926,1127,436,691,17,6,11,7801,3345,4456,680,279,401,460,200,260,546,312,234,MO,4
1354,178411,6629,5041,1588,18,11,7,274,202,72,217,169,48,277,200,77,0,0,0,5329,4061,1268,219,149,70,92,74,18,203,175,28,MO,4
1355,178420,15549,6701,8848,48,19,29,794,354,440,2059,658,1401,508,218,290,4,1,3,10543,4675,5868,305,113,192,995,486,509,293,177,116,MO,4
1356,178448,7208,2697,4511,18,7,11,197,92,105,562,227,335,299,115,184,7,2,5,5678,2071,3607,264,94,170,164,78,86,19,11,8,MO,4
1357,178615,5210,2131,3079,15,5,10,127,45,82,201,95,106,167,71,96,2,1,1,4029,1590,2439,184,81,103,71,33,38,414,210,204,MO,4
1358,178624,6399,2736,3663,17,7,10,53,23,30,322,177,145,236,98,138,10,7,3,5129,2102,3027,205,73,132,118,50,68,309,199,110,MO,4
1359,178679,724,386,338,17,6,11,5,3,2,13,9,4,44,19,25,0,0,0,592,316,276,25,13,12,11,7,4,17,13,4,MO,4
1360,178697,1750,781,969,11,4,7,15,4,11,17,7,10,56,28,28,2,1,1,1524,678,846,48,26,22,47,16,31,30,17,13,MO,4
1361,178721,13028,7413,5615,68,30,38,314,190,124,2438,1337,1101,2886,1505,1381,99,50,49,5738,3422,2316,675,381,294,645,396,249,165,102,63,MO,4
1362,178767,146,23,123,0,0,0,0,0,0,91,14,77,2,0,2,0,0,0,51,9,42,2,0,2,0,0,0,0,0,0,MO,4
1363,178891,2166,2009,157,13,12,1,23,20,3,374,324,50,58,53,5,8,8,0,1492,1407,85,41,37,4,153,144,9,4,4,0,MO,4
1364,178989,398,47,351,5,0,5,10,3,7,23,4,19,8,1,7,1,0,1,326,36,290,5,0,5,20,3,17,0,0,0,MO,4
1365,179043,3029,1006,2023,25,8,17,114,41,73,241,71,170,262,100,162,6,3,3,2078,698,1380,61,22,39,212,48,164,30,15,15,MO,4
1366,179159,9802,3910,5892,12,5,7,852,328,524,545,205,340,586,253,333,5,1,4,6917,2675,4242,369,148,221,102,51,51,414,244,170,MO,4
1367,179256,101,58,43,0,0,0,1,1,0,36,18,18,1,1,0,0,0,0,55,33,22,7,4,3,0,0,0,1,1,0,MO,4
1368,179265,359,134,225,1,1,0,58,24,34,44,19,25,6,3,3,1,1,0,225,78,147,14,5,9,4,0,4,6,3,3,MO,4
1369,179308,26166,10036,16130,62,30,32,1105,476,629,7770,2364,5406,882,310,572,27,9,18,14069,5968,8101,1314,487,827,589,237,352,348,155,193,MO,4
1370,179326,3048,1076,1972,19,5,14,23,7,16,139,77,62,85,28,57,8,3,5,2000,627,1373,54,31,23,680,271,409,40,27,13,MO,4
1371,179344,2510,824,1686,21,8,13,23,8,15,59,26,33,74,29,45,1,0,1,2144,689,1455,67,27,40,115,33,82,6,4,2,MO,4
1372,179511,318,12,306,2,0,2,1,0,1,292,9,283,4,0,4,0,0,0,15,3,12,1,0,1,3,0,3,0,0,0,MO,4
1373,179539,5661,2041,3620,47,22,25,38,14,24,229,111,118,381,165,216,14,9,5,4669,1607,3062,211,68,143,35,15,20,37,30,7,MO,4
1374,179548,572,4,568,4,0,4,6,0,6,72,0,72,24,0,24,0,0,0,363,3,360,44,0,44,56,1,55,3,0,3,MO,4
1375,179557,10390,4259,6131,19,6,13,123,50,73,907,375,532,215,87,128,5,1,4,8391,3366,5025,202,74,128,103,41,62,425,259,166,MO,4
1376,179566,22648,9409,13239,110,43,67,367,153,214,828,383,445,926,389,537,21,10,11,18127,7444,10683,862,366,496,486,234,252,921,387,534,MO,4
1377,179645,3886,1164,2722,19,6,13,25,10,15,354,105,249,78,21,57,6,1,5,3015,852,2163,0,0,0,380,164,216,9,5,4,MO,4
1378,179715,2260,636,1624,2,1,1,10,2,8,47,22,25,117,39,78,0,0,0,1966,531,1435,73,21,52,28,6,22,17,14,3,MO,4
1379,179867,8909,4069,4840,6,3,3,1354,628,726,856,310,546,815,369,446,9,5,4,4286,1988,2298,414,180,234,270,133,137,899,453,446,MO,4
1380,179894,3201,1397,1804,8,2,6,79,37,42,465,188,277,180,86,94,1,0,1,2027,870,1157,118,50,68,245,121,124,78,43,35,MO,4
1381,179946,683,379,304,16,13,3,12,6,6,50,37,13,17,11,6,0,0,0,520,284,236,2,1,1,40,15,25,26,12,14,MO,4
1382,179955,807,361,446,2,2,0,13,5,8,49,28,21,58,33,25,3,1,2,615,259,356,36,19,17,12,2,10,19,12,7,MO,4
1383,179964,1025,282,743,4,2,2,6,3,3,42,17,25,39,12,27,3,0,3,786,179,607,36,9,27,60,24,36,49,36,13,MO,4
1384,180054,479,168,311,447,159,288,0,0,0,0,0,0,0,0,0,0,0,0,32,9,23,0,0,0,0,0,0,0,0,0,MT,7
1385,180081,1010,480,530,28,13,15,11,4,7,3,3,0,26,12,14,0,0,0,883,416,467,4,2,2,54,29,25,1,1,0,MT,7
1386,180106,1258,484,774,7,3,4,11,3,8,6,6,0,44,17,27,4,3,1,982,359,623,31,13,18,160,69,91,13,11,2,MT,7
1387,180151,993,415,578,35,12,23,14,12,2,53,38,15,37,21,16,1,1,0,703,251,452,26,15,11,106,50,56,18,15,3,MT,7
1388,180160,466,256,210,362,195,167,0,0,0,0,0,0,2,1,1,0,0,0,102,60,42,0,0,0,0,0,0,0,0,0,MT,7
1389,180179,5328,1853,3475,247,73,174,45,15,30,54,19,35,320,124,196,12,2,10,4196,1445,2751,232,79,153,139,38,101,83,58,25,MT,7
1390,180197,3732,1659,2073,105,52,53,39,10,29,15,8,7,70,27,43,5,4,1,2751,1206,1545,101,41,60,625,302,323,21,9,12,MT,7
1391,180203,201,111,90,173,105,68,0,0,0,0,0,0,4,0,4,0,0,0,24,6,18,0,0,0,0,0,0,0,0,0,MT,7
1392,180212,517,204,313,414,163,251,5,3,2,2,2,0,5,3,2,0,0,0,90,33,57,0,0,0,1,0,1,0,0,0,MT,7
1393,180249,1907,571,1336,78,21,57,23,8,15,20,8,12,89,25,64,2,1,1,1496,455,1041,154,38,116,44,15,29,1,0,1,MT,7
1394,180258,997,306,691,19,7,12,38,7,31,53,26,27,48,18,30,9,6,3,749,206,543,0,0,0,56,17,39,25,19,6,MT,7
1395,180276,1797,769,1028,33,18,15,9,4,5,7,6,1,75,31,44,2,2,0,1498,626,872,81,36,45,92,46,46,0,0,0,MT,7
1396,180328,409,140,269,388,135,253,0,0,0,0,0,0,8,2,6,0,0,0,13,3,10,0,0,0,0,0,0,0,0,0,MT,7
1397,180373,1137,327,810,28,8,20,20,6,14,16,8,8,39,9,30,8,4,4,963,266,697,29,4,25,5,1,4,29,21,8,MT,7
1398,180416,1645,1032,613,35,20,15,24,14,10,13,12,1,28,20,8,0,0,0,1301,784,517,6,3,3,119,75,44,119,104,15,MT,7
1399,180461,16214,8641,7573,204,73,131,158,59,99,72,45,27,747,391,356,16,9,7,13458,7154,6304,932,505,427,229,133,96,398,272,126,MT,7
1400,180489,9259,4059,5200,402,167,235,120,51,69,87,61,26,497,229,268,25,15,10,6772,2912,3860,411,178,233,790,368,422,155,78,77,MT,7
1401,180522,1337,688,649,128,50,78,6,1,5,26,26,0,64,34,30,7,6,1,970,495,475,96,52,44,21,12,9,19,12,7,MT,7
1402,180595,889,458,431,26,12,14,5,1,4,19,16,3,60,30,30,7,5,2,668,336,332,59,30,29,12,5,7,33,23,10,MT,7
1403,180647,889,290,599,660,231,429,3,1,2,7,2,5,16,5,11,0,0,0,200,50,150,2,0,2,1,1,0,0,0,0,MT,7
1404,180692,1882,624,1258,92,32,60,8,3,5,19,17,2,91,29,62,10,6,4,1418,462,956,65,28,37,174,47,127,5,0,5,MT,7
1405,180814,13029,5233,7796,113,39,74,409,160,249,1830,609,1221,1767,736,1031,60,22,38,6701,2845,3856,297,119,178,1832,687,1145,20,16,4,NE,4
1406,180832,777,115,662,3,0,3,25,5,20,44,10,34,56,6,50,6,1,5,505,62,443,24,12,12,114,19,95,0,0,0,NE,4
1407,180878,769,69,700,0,0,0,22,3,19,17,2,15,39,6,33,0,0,0,633,55,578,56,3,53,2,0,2,0,0,0,NE,4
1408,180902,8993,3494,5499,62,26,36,133,58,75,232,121,111,2043,778,1265,17,8,9,6495,2498,3997,6,4,2,4,1,3,1,0,1,NE,4
1409,180948,2421,967,1454,32,13,19,14,6,8,97,72,25,243,105,138,7,3,4,1881,704,1177,84,34,50,24,11,13,39,19,20,NE,4
1410,180984,2421,1112,1309,6,3,3,44,20,24,62,43,19,152,89,63,4,1,3,1606,701,905,70,28,42,412,186,226,65,41,24,NE,4
1411,181002,4876,2016,2860,16,9,7,407,187,220,126,57,69,387,137,250,16,5,11,3453,1395,2058,242,105,137,90,45,45,139,76,63,NE,4
1412,181020,1450,700,750,3,2,1,27,15,12,57,33,24,133,70,63,5,2,3,1123,528,595,57,27,30,21,7,14,24,16,8,NE,4
1413,181127,1006,497,509,2,1,1,5,2,3,47,37,10,109,62,47,1,1,0,741,330,411,31,21,10,36,20,16,34,23,11,NE,4
1414,181145,20,3,17,0,0,0,0,0,0,3,0,3,2,0,2,0,0,0,14,3,11,1,0,1,0,0,0,0,0,0,NE,4
1415,181215,4811,1904,2907,6,2,4,42,17,25,109,70,39,563,220,343,3,1,2,3580,1320,2260,114,46,68,24,12,12,370,216,154,NE,4
1416,181297,922,93,829,2,0,2,29,8,21,34,5,29,63,5,58,1,0,1,742,70,672,24,2,22,23,2,21,4,1,3,NE,4
1417,181303,22649,10264,12385,103,56,47,747,335,412,2316,955,1361,3215,1340,1875,32,15,17,12113,5551,6562,914,372,542,3093,1577,1516,116,63,53,NE,4
1418,181312,3056,1117,1939,17,4,13,19,7,12,56,30,26,242,91,151,3,2,1,2596,931,1665,60,21,39,18,7,11,45,24,21,NE,4
1419,181330,1767,858,909,6,2,4,56,24,32,103,80,23,297,113,184,13,6,7,945,450,495,56,30,26,288,150,138,3,3,0,NE,4
1420,181394,14138,6553,7585,41,16,25,616,288,328,971,416,555,1967,802,1165,18,8,10,9020,4273,4747,653,267,386,180,103,77,672,380,292,NE,4
1421,181419,402,123,279,363,109,254,1,0,1,0,0,0,6,3,3,0,0,0,32,11,21,0,0,0,0,0,0,0,0,0,NE,4
1422,181428,1162,169,993,5,0,5,34,6,28,32,13,19,78,14,64,0,0,0,973,126,847,23,6,17,11,2,9,6,2,4,NE,4
1423,181446,4184,1639,2545,8,6,2,132,62,70,93,33,60,338,126,212,2,1,1,3323,1288,2035,127,44,83,127,63,64,34,16,18,NE,4
1424,181464,26359,13744,12615,60,33,27,815,421,394,733,389,344,1897,942,955,13,8,5,19399,9917,9482,856,405,451,282,135,147,2304,1494,810,NE,4
1425,181491,6439,3181,3258,64,25,39,34,9,25,86,45,41,689,266,423,10,3,7,5125,2594,2531,98,34,64,227,145,82,106,60,46,NE,4
1426,181534,2491,1015,1476,10,3,7,15,7,8,155,109,46,189,75,114,2,2,0,2002,760,1242,74,33,41,14,7,7,30,19,11,NE,4
1427,181543,26,18,8,0,0,0,0,0,0,1,0,1,2,2,0,0,0,0,19,14,5,3,1,2,0,0,0,1,1,0,NE,4
1428,181604,886,1,885,5,0,5,28,0,28,79,0,79,97,0,97,1,0,1,597,1,596,67,0,67,7,0,7,5,0,5,NE,4
1429,181640,13457,6004,7453,68,24,44,714,372,342,640,286,354,1223,506,717,23,7,16,10204,4570,5634,525,202,323,58,35,23,2,2,0,NE,4
1430,181738,975,404,571,3,1,2,49,19,30,84,38,46,229,102,127,7,5,2,481,187,294,32,13,19,26,5,21,64,34,30,NE,4
1431,181765,371,143,228,1,0,1,0,0,0,0,0,0,16,7,9,0,0,0,345,134,211,7,1,6,2,1,1,0,0,0,NE,4
1432,181783,3760,1569,2191,46,19,27,33,12,21,118,90,28,426,157,269,0,0,0,2900,1187,1713,111,48,63,32,11,21,94,45,49,NE,4
1433,181817,2174,781,1393,54,20,34,35,19,16,54,26,28,521,185,336,6,2,4,1374,471,903,0,0,0,63,22,41,67,36,31,NE,4
1434,181853,438,229,209,4,0,4,2,1,1,53,38,15,80,34,46,4,0,4,232,111,121,0,0,0,23,13,10,40,32,8,NE,4
1435,182005,48190,20604,27586,225,91,134,4789,2009,2780,5439,2139,3300,16366,6740,9626,653,317,336,13910,6307,7603,3188,1349,1839,3234,1492,1742,386,160,226,NV,8
1436,182148,349,59,290,1,0,1,22,6,16,73,8,65,74,12,62,23,1,22,123,26,97,5,0,5,28,6,22,0,0,0,NV,8
1437,182281,28841,12475,16366,76,26,50,4667,2128,2539,2349,886,1463,8869,3583,5286,265,124,141,8377,3851,4526,3148,1399,1749,312,120,192,778,358,420,NV,8
1438,182290,19231,9009,10222,143,56,87,1559,745,814,626,300,326,4184,1791,2393,102,46,56,10553,5129,5424,1382,620,762,366,187,179,316,135,181,NV,8
1439,182306,5118,1814,3304,135,43,92,178,64,114,329,110,219,992,335,657,55,21,34,2947,1081,1866,207,58,149,274,102,172,1,0,1,NV,8
1440,182458,448,217,231,11,2,9,8,4,4,16,10,6,11,7,4,3,2,1,313,153,160,0,0,0,86,39,47,0,0,0,NV,8
1441,182500,15580,7079,8501,161,81,80,984,421,563,481,235,246,4804,2123,2681,8,2,6,8165,3791,4374,652,289,363,279,123,156,46,14,32,NV,8
1442,182564,4994,2176,2818,99,42,57,121,53,68,132,78,54,1121,462,659,22,10,12,2979,1301,1678,212,82,130,308,148,160,0,0,0,NV,8
1443,182634,893,274,619,8,1,7,29,11,18,40,12,28,19,8,11,0,0,0,692,200,492,0,0,0,86,31,55,19,11,8,NH,1
1444,182670,4885,2485,2400,69,17,52,717,343,374,278,133,145,491,258,233,8,2,6,2467,1322,1145,268,106,162,95,51,44,492,253,239,NH,1
1445,182795,1890,787,1103,9,2,7,30,15,15,142,95,47,152,60,92,1,0,1,1378,535,843,42,17,25,91,37,54,45,26,19,NH,1
1446,182917,84,40,44,0,0,0,0,0,0,1,0,1,4,4,0,0,0,0,79,36,43,0,0,0,0,0,0,0,0,0,NH,1
1447,182980,2494,994,1500,15,7,8,38,14,24,519,209,310,257,96,161,3,0,3,1169,461,708,70,28,42,353,146,207,70,33,37,NH,1
1448,183026,137294,49755,87539,762,243,519,2191,911,1280,21857,6170,15687,14830,5180,9650,484,146,338,74769,28588,46181,2974,933,2041,18724,7278,11446,703,306,397,NH,1
1449,183044,13027,5816,7211,15,5,10,381,169,212,148,91,57,450,185,265,2,1,1,10519,4606,5913,276,117,159,770,358,412,466,284,182,NH,1
1450,183062,3620,1665,1955,7,4,3,50,17,33,75,47,28,152,67,85,5,3,2,2909,1320,1589,84,38,46,327,162,165,11,7,4,NH,1
1451,183071,1206,580,626,1,0,1,66,32,34,27,17,10,72,29,43,0,0,0,855,399,456,29,14,15,141,81,60,15,8,7,NH,1
1452,183080,4179,2121,2058,13,4,9,67,28,39,108,68,40,150,64,86,1,0,1,3321,1692,1629,123,62,61,334,163,171,62,40,22,NH,1
1453,183099,5725,2507,3218,11,6,5,72,36,36,169,97,72,182,70,112,3,3,0,3788,1554,2234,145,49,96,1355,692,663,0,0,0,NH,1
1454,183105,1365,484,881,3,2,1,2,0,2,12,5,7,29,7,22,0,0,0,1192,432,760,39,14,25,88,24,64,0,0,0,NH,1
1455,183114,1895,680,1215,9,1,8,18,8,10,25,11,14,51,18,33,0,0,0,1545,544,1001,79,31,48,168,67,101,0,0,0,NH,1
1456,183123,1603,670,933,3,1,2,10,4,6,13,4,9,25,10,15,0,0,0,1362,572,790,45,16,29,145,63,82,0,0,0,NH,1
1457,183132,5988,2706,3282,21,11,10,100,49,51,208,86,122,367,121,246,6,4,2,4491,2034,2457,288,133,155,507,268,239,0,0,0,NH,1
1458,183141,3348,1561,1787,5,2,3,44,21,23,81,33,48,345,139,206,3,0,3,2534,1202,1332,179,86,93,157,78,79,0,0,0,NH,1
1459,183150,3619,1592,2027,7,4,3,63,31,32,40,26,14,148,68,80,4,3,1,3004,1295,1709,148,70,78,205,95,110,0,0,0,NH,1
1460,183211,1635,336,1299,6,2,4,55,9,46,74,28,46,88,19,69,2,0,2,1229,239,990,40,13,27,141,26,115,0,0,0,NH,1
1461,183239,2063,803,1260,1,1,0,25,7,18,32,24,8,97,32,65,1,0,1,1774,672,1102,41,24,17,82,37,45,10,6,4,NH,1
1462,183248,261,104,157,1,1,0,6,2,4,38,14,24,13,5,8,0,0,0,186,76,110,17,6,11,0,0,0,0,0,0,NH,1
1463,183257,2635,844,1791,8,4,4,29,10,19,114,59,55,129,47,82,5,2,3,2116,628,1488,51,22,29,183,72,111,0,0,0,NH,1
1464,183275,89,40,49,2,2,0,0,0,0,0,0,0,3,0,3,0,0,0,70,29,41,1,1,0,8,5,3,5,3,2,NH,1
1465,183488,786,75,711,2,0,2,21,6,15,186,23,163,270,35,235,3,1,2,249,9,240,0,0,0,55,1,54,0,0,0,NJ,2
1466,183600,61,5,56,0,0,0,14,0,14,1,0,1,4,0,4,0,0,0,22,5,17,0,0,0,0,0,0,20,0,20,NJ,2
1467,183655,6948,2738,4210,26,13,13,454,202,252,922,341,581,1503,563,940,19,10,9,3145,1210,1935,185,68,117,422,207,215,272,124,148,NJ,2
1468,183743,17685,8389,9296,42,21,21,1795,929,866,1080,497,583,5225,2303,2922,79,40,39,6356,3138,3218,134,66,68,2170,1022,1148,804,373,431,NJ,2
1469,183789,3987,1078,2909,4,2,2,57,21,36,664,157,507,1601,452,1149,4,0,4,386,120,266,9,2,7,1234,310,924,28,14,14,NJ,2
1470,183804,3613,3613,0,0,0,0,0,0,0,0,0,0,1,1,0,0,0,0,3518,3518,0,0,0,0,0,0,0,94,94,0,NJ,2
1471,183822,1721,672,1049,12,2,10,36,14,22,820,305,515,560,226,334,6,2,4,155,70,85,14,5,9,81,33,48,37,15,22,NJ,2
1472,183859,16439,7592,8847,53,23,30,761,361,400,1399,536,863,2656,1148,1508,37,15,22,10503,5025,5478,256,130,126,616,291,325,158,63,95,NJ,2
1473,183877,13715,5532,8183,27,10,17,715,293,422,2373,845,1528,1692,594,1098,16,7,9,7734,3329,4405,510,179,331,357,157,200,291,118,173,NJ,2
1474,183910,1781,644,1137,1,0,1,61,18,43,269,117,152,544,178,366,1,0,1,557,180,377,15,4,11,126,38,88,207,109,98,NJ,2
1475,183938,16904,6635,10269,80,38,42,860,362,498,2938,1041,1897,2633,928,1705,12,4,8,7956,3264,4692,510,188,322,1340,564,776,575,246,329,NJ,2
1476,183974,1362,467,895,1,1,0,22,5,17,138,51,87,205,77,128,0,0,0,821,264,557,28,11,17,135,55,80,12,3,9,NJ,2
1477,184180,10889,6066,4823,20,9,11,639,371,268,509,265,244,2240,1088,1152,14,5,9,6171,3554,2617,241,134,107,843,556,287,212,84,128,NJ,2
1478,184205,4006,1390,2616,17,5,12,89,38,51,598,182,416,1410,467,943,4,1,3,1512,529,983,171,61,110,160,68,92,45,39,6,NJ,2
1479,184348,1877,797,1080,2,1,1,74,35,39,139,44,95,295,90,205,1,0,1,842,341,501,49,22,27,145,73,72,330,191,139,NJ,2
1480,184481,10217,4238,5979,23,10,13,341,185,156,4715,1782,2933,2613,1049,1564,15,9,6,859,460,399,137,72,65,582,264,318,932,407,525,NJ,2
1481,184603,7328,3198,4130,17,9,8,466,212,254,461,188,273,1982,693,1289,8,3,5,2770,1289,1481,107,44,63,1266,616,650,251,144,107,NJ,2
1482,184612,2380,647,1733,5,2,3,130,31,99,438,107,331,704,181,523,10,5,5,650,172,478,23,7,16,306,79,227,114,63,51,NJ,2
1483,184694,2801,1201,1600,3,2,1,155,58,97,240,109,131,525,202,323,0,0,0,1610,694,916,76,32,44,182,97,85,10,7,3,NJ,2
1484,184773,2138,627,1511,9,3,6,63,15,48,172,61,111,285,72,213,1,0,1,1310,343,967,29,9,20,236,100,136,33,24,9,NJ,2
1485,184782,18638,10041,8597,25,10,15,988,531,457,1926,912,1014,2143,1038,1105,19,11,8,12011,6757,5254,687,342,345,664,335,329,175,105,70,NJ,2
1486,184791,9953,4109,5844,12,4,8,307,151,156,1099,377,722,757,256,501,15,9,6,5838,2486,3352,377,136,241,1509,677,832,39,13,26,NJ,2
1487,184959,1109,194,915,3,1,2,100,36,64,218,57,161,287,30,257,14,7,7,455,57,398,12,3,9,20,3,17,0,0,0,NJ,2
1488,184995,11404,4561,6843,40,21,19,993,472,521,1554,529,1025,5957,2320,3637,46,22,24,1608,686,922,263,110,153,899,377,522,44,24,20,NJ,2
1489,185129,7017,2923,4094,28,12,16,541,249,292,1587,597,990,2753,1101,1652,31,15,16,1361,647,714,176,85,91,381,154,227,159,63,96,NJ,2
1490,185262,14180,5615,8565,21,9,12,794,375,419,2788,1116,1672,4336,1567,2769,38,15,23,4351,1789,2562,302,119,183,1001,393,608,549,232,317,NJ,2
1491,185509,10448,4866,5582,17,14,3,837,411,426,2123,826,1297,2116,893,1223,20,9,11,3812,1931,1881,297,136,161,811,452,359,415,194,221,NJ,2
1492,185536,16466,7489,8977,50,29,21,3141,1578,1563,1876,851,1025,4974,1981,2993,46,26,20,4421,2086,2335,479,226,253,1055,507,548,424,205,219,NJ,2
1493,185572,4775,1973,2802,3,2,1,126,51,75,241,133,108,645,232,413,2,0,2,3273,1363,1910,122,50,72,315,118,197,48,24,24,NJ,2
1494,185590,18661,7261,11400,22,4,18,1162,508,654,2503,905,1598,5490,1980,3510,42,19,23,7725,3137,4588,542,225,317,796,331,465,379,152,227,NJ,2
1495,185721,735,250,485,2,2,0,28,6,22,139,53,86,363,124,239,5,2,3,192,60,132,6,3,3,0,0,0,0,0,0,NJ,2
1496,185828,10275,7451,2824,22,19,3,2127,1529,598,844,629,215,1973,1461,512,5,4,1,3174,2519,655,328,235,93,1095,575,520,707,480,227,NJ,2
1497,185873,14718,6351,8367,23,12,11,420,193,227,741,275,466,1908,797,1111,12,6,6,8977,3721,5256,423,172,251,1610,742,868,604,433,171,NJ,2
1498,186034,8827,3327,5500,15,6,9,581,275,306,1028,315,713,4800,1739,3061,26,9,17,1688,695,993,78,32,46,589,252,337,22,4,18,NJ,2
1499,186131,5516,2791,2725,11,7,4,1199,538,661,429,172,257,578,307,271,6,5,1,2175,1161,1014,286,141,145,145,67,78,687,393,294,NJ,2
1500,186186,342,342,0,0,0,0,0,0,0,0,0,0,0,0,0,0,0,0,261,261,0,0,0,0,0,0,0,81,81,0,NJ,2
1501,186201,6225,2714,3511,34,18,16,497,221,276,350,135,215,1161,439,722,1,0,1,3736,1693,2043,9,3,6,317,139,178,120,66,54,NJ,2
1502,186283,4368,2114,2254,8,3,5,224,103,121,566,229,337,640,271,369,2,1,1,2371,1142,1229,143,55,88,286,240,46,128,70,58,NJ,2
1503,186371,6428,2492,3936,12,5,7,664,271,393,1148,350,798,1115,358,757,14,9,5,2806,1163,1643,261,94,167,245,156,89,163,86,77,NJ,2
1504,186380,40730,20293,20437,17,8,9,11361,5752,5609,2711,1124,1587,5241,2338,2903,79,46,33,14554,7525,7029,1480,682,798,1402,638,764,3885,2180,1705,NJ,2
1505,186399,10793,4719,6074,7,3,4,1839,927,912,2023,757,1266,2981,1166,1815,30,8,22,2197,1144,1053,290,133,157,540,243,297,886,338,548,NJ,2
1506,186432,2685,1081,1604,5,2,3,228,100,128,511,204,307,1199,439,760,12,6,6,365,181,184,37,12,25,246,93,153,82,44,38,NJ,2
1507,186469,1732,642,1090,10,4,6,19,7,12,295,88,207,145,50,95,8,2,6,799,305,494,34,9,25,415,176,239,7,1,6,NJ,2
1508,186584,6468,3064,3404,8,5,3,650,260,390,525,260,265,1183,502,681,6,5,1,3108,1581,1527,278,125,153,408,180,228,302,146,156,NJ,2
1509,186618,928,282,646,2,1,1,28,10,18,276,87,189,234,76,158,6,1,5,205,57,148,10,5,5,138,38,100,29,7,22,NJ,2
1510,186645,11029,5320,5709,17,9,8,959,440,519,1190,673,517,2232,1001,1231,32,20,12,5281,2566,2715,257,121,136,832,398,434,229,92,137,NJ,2
1511,186867,3753,2652,1101,3,2,1,639,439,200,92,65,27,475,333,142,0,0,0,2270,1619,651,0,0,0,169,120,49,105,74,31,NJ,2
1512,186876,10727,4357,6370,21,9,12,738,327,411,961,349,612,1750,644,1106,16,6,10,6683,2783,3900,355,142,213,122,51,71,81,46,35,NJ,2
1513,186900,75,75,0,0,0,0,0,0,0,0,0,0,0,0,0,0,0,0,71,71,0,0,0,0,0,0,0,4,4,0,NJ,2
1514,187046,13738,8286,5452,56,40,16,620,362,258,1780,901,879,1685,923,762,70,42,28,6803,4344,2459,382,241,141,2139,1295,844,203,138,65,NJ,2
1515,187134,7596,3262,4334,7,2,5,891,362,529,459,195,264,1124,475,649,8,4,4,4718,2050,2668,95,43,52,254,108,146,40,23,17,NJ,2
1516,187198,12441,4691,7750,37,12,25,514,223,291,3585,1213,2372,4704,1746,2958,41,18,23,2393,1016,1377,263,107,156,768,314,454,136,42,94,NJ,2
1517,187444,10049,4437,5612,13,8,5,695,329,366,1836,768,1068,3266,1338,1928,5,4,1,3654,1750,1904,209,92,117,302,112,190,69,36,33,NJ,2
1518,187532,33996,13980,20016,2089,777,1312,799,333,466,924,466,458,17930,6993,10937,89,35,54,9370,4231,5139,898,408,490,1843,712,1131,54,25,29,NM,6
1519,187596,2396,1011,1385,2308,972,1336,4,3,1,6,4,2,32,16,16,0,0,0,28,11,17,5,1,4,10,2,8,3,2,1,NM,6
1520,187620,10566,4428,6138,148,63,85,78,31,47,226,125,101,7637,3022,4615,10,4,6,1787,868,919,142,66,76,208,101,107,330,148,182,NM,6
1521,187639,4428,1358,3070,19,4,15,61,24,37,213,73,140,1909,562,1347,12,5,7,2002,612,1390,117,43,74,89,32,57,6,3,3,NM,6
1522,187648,5453,2284,3169,138,51,87,57,24,33,237,146,91,1893,723,1170,27,18,9,1914,736,1178,123,54,69,964,480,484,100,52,48,NM,6
1523,187666,3112,1424,1688,54,25,29,32,17,15,76,34,42,1355,551,804,0,0,0,854,412,442,30,13,17,711,372,339,0,0,0,NM,6
1524,187745,857,349,508,606,246,360,4,1,3,1,1,0,122,48,74,0,0,0,80,31,49,35,17,18,9,5,4,0,0,0,NM,6
1525,187897,2042,732,1310,189,38,151,11,7,4,115,93,22,1189,405,784,6,2,4,378,127,251,45,24,21,36,8,28,73,28,45,NM,6
1526,187903,3072,1067,2005,30,15,15,40,16,24,256,123,133,1569,507,1062,4,3,1,991,349,642,25,12,13,148,38,110,9,4,5,NM,6
1527,187912,576,443,133,18,11,7,18,13,5,61,59,2,166,116,50,21,10,11,175,134,41,23,19,4,5,5,0,89,76,13,NM,6
1528,187958,3135,1208,1927,1861,682,1179,82,45,37,28,14,14,677,250,427,6,3,3,314,140,174,70,28,42,63,31,32,34,15,19,NM,6
1529,187967,1479,986,493,62,37,25,61,39,22,19,12,7,465,298,167,2,2,0,768,535,233,47,22,25,31,22,9,24,19,5,NM,6
1530,187976,1697,750,947,105,30,75,38,14,24,28,13,15,842,356,486,5,2,3,589,295,294,39,16,23,34,15,19,17,9,8,NM,6
1531,187985,18683,8076,10607,1086,405,681,744,313,431,464,244,220,9134,3735,5399,40,22,18,5709,2592,3117,658,298,360,256,145,111,592,322,270,NM,6
1532,187994,2720,1013,1707,72,25,47,39,11,28,132,62,70,1326,442,884,9,3,6,935,377,558,74,31,43,83,31,52,50,31,19,NM,6
1533,188003,3274,1214,2060,39,13,26,27,16,11,90,45,45,1852,612,1240,4,3,1,871,340,531,45,20,25,282,139,143,64,26,38,NM,6
1534,188021,1358,414,944,385,125,260,8,2,6,38,22,16,616,164,452,4,2,2,251,76,175,19,9,10,19,8,11,18,6,12,NM,6
1535,188030,12979,5669,7310,290,122,168,150,67,83,317,184,133,8038,3287,4751,21,10,11,3252,1480,1772,277,134,143,183,93,90,451,292,159,NM,6
1536,188049,3363,1307,2056,206,80,126,36,14,22,33,12,21,2182,858,1324,7,2,5,698,250,448,54,15,39,105,57,48,42,19,23,NM,6
1537,188058,1513,553,960,132,46,86,21,7,14,35,19,16,1085,379,706,2,1,1,157,76,81,63,18,45,9,2,7,9,5,4,NM,6
1538,188100,9734,3338,6396,3205,1196,2009,112,40,72,99,40,59,1792,630,1162,10,6,4,3768,1160,2608,237,76,161,425,162,263,86,28,58,NM,6
1539,188137,6141,2412,3729,408,156,252,106,36,70,88,37,51,2874,1062,1812,8,2,6,2193,916,1277,76,35,41,384,166,218,4,2,2,NM,6
1540,188182,427,235,192,9,2,7,3,1,2,61,38,23,190,105,85,2,1,1,112,61,51,3,2,1,33,14,19,14,11,3,NM,6
1541,188216,592,236,356,592,236,356,0,0,0,0,0,0,0,0,0,0,0,0,0,0,0,0,0,0,0,0,0,0,0,0,NM,6
1542,188225,1601,589,1012,90,32,58,13,5,8,17,7,10,858,316,542,3,0,3,494,166,328,48,25,23,60,28,32,18,10,8,NM,6
1543,188261,1380,959,421,32,28,4,14,12,2,55,45,10,529,356,173,5,3,2,547,396,151,0,0,0,198,119,79,0,0,0,NM,6
1544,188304,2896,1047,1849,63,18,45,37,17,20,138,84,54,1197,372,825,12,5,7,714,222,492,46,18,28,620,274,346,69,37,32,NM,6
1545,188340,1971,1727,244,11,8,3,232,200,32,320,282,38,660,560,100,20,19,1,231,204,27,29,22,7,317,294,23,151,138,13,NY,2
1546,188429,5911,1877,4034,15,2,13,635,201,434,514,134,380,989,281,708,4,1,3,2870,887,1983,161,44,117,444,165,279,279,162,117,NY,2
1547,188438,4569,1986,2583,18,12,6,66,34,32,177,99,78,183,76,107,5,3,2,3921,1681,2240,109,38,71,80,36,44,10,7,3,NY,2
1548,188517,550,171,379,7,0,7,18,4,14,164,63,101,68,35,33,1,0,1,240,52,188,39,15,24,13,2,11,0,0,0,NY,2
1549,188526,844,325,519,2,0,2,142,61,81,56,14,42,58,26,32,0,0,0,443,167,276,26,11,15,67,27,40,50,19,31,NY,2
1550,188641,2212,1246,966,2,0,2,30,18,12,222,136,86,162,72,90,3,0,3,1321,757,564,47,21,26,240,98,142,185,144,41,NY,2
1551,188678,284,108,176,0,0,0,6,2,4,23,8,15,17,8,9,0,0,0,115,50,65,21,8,13,2,1,1,100,31,69,NY,2
1552,188687,641,218,423,7,1,6,10,5,5,165,51,114,96,17,79,2,0,2,315,137,178,0,0,0,46,7,39,0,0,0,NY,2
1553,188854,2113,620,1493,17,7,10,43,15,28,372,133,239,474,134,340,20,9,11,753,212,541,203,49,154,42,18,24,189,43,146,NY,2
1554,188915,60,3,57,0,0,0,0,0,0,2,0,2,2,0,2,0,0,0,56,3,53,0,0,0,0,0,0,0,0,0,NY,2
1555,188942,194,0,194,0,0,0,0,0,0,0,0,0,0,0,0,0,0,0,181,0,181,0,0,0,0,0,0,13,0,13,NY,2
1556,189088,2482,1070,1412,6,3,3,89,42,47,301,173,128,277,114,163,0,0,0,1060,444,616,178,70,108,239,106,133,332,118,214,NY,2
1557,189097,2771,0,2771,3,0,3,416,0,416,147,0,147,301,0,301,3,0,3,1350,0,1350,168,0,168,11,0,11,372,0,372,NY,2
1558,189228,4377,1550,2827,8,2,6,99,39,60,866,275,591,995,338,657,1,0,1,197,78,119,14,8,6,1638,581,1057,559,229,330,NY,2
1559,189273,81,81,0,0,0,0,0,0,0,0,0,0,0,0,0,0,0,0,81,81,0,0,0,0,0,0,0,0,0,0,NY,2
1560,189282,269,41,228,3,0,3,44,8,36,70,9,61,43,6,37,3,1,2,105,17,88,0,0,0,0,0,0,1,0,1,NY,2
1561,189413,920,161,759,0,0,0,1,0,1,159,30,129,721,118,603,0,0,0,13,5,8,26,8,18,0,0,0,0,0,0,NY,2
1562,189547,8499,3684,4815,34,14,20,303,146,157,832,383,449,735,304,431,12,4,8,5276,2310,2966,280,107,173,952,372,580,75,44,31,NY,2
1563,189565,819,237,582,6,1,5,12,4,8,230,78,152,81,19,62,3,2,1,425,114,311,42,9,33,12,5,7,8,5,3,NY,2
1564,189583,1957,571,1386,18,3,15,27,13,14,665,164,501,136,32,104,2,0,2,1015,344,671,64,11,53,28,2,26,2,2,0,NY,2
1565,189592,638,132,506,2,0,2,7,3,4,254,50,204,79,18,61,0,0,0,245,55,190,35,4,31,16,2,14,0,0,0,NY,2
1566,189705,2349,1213,1136,9,4,5,67,27,40,208,98,110,147,63,84,4,0,4,1604,851,753,52,20,32,164,93,71,94,57,37,NY,2
1567,189811,861,264,597,7,4,3,121,38,83,302,78,224,177,32,145,10,6,4,101,21,80,33,9,24,110,76,34,0,0,0,NY,2
1568,189839,6782,2661,4121,45,21,24,124,39,85,399,136,263,202,68,134,5,1,4,4946,1887,3059,14,3,11,971,455,516,76,51,25,NY,2
1569,189848,1143,316,827,9,3,6,18,7,11,99,37,62,98,33,65,0,0,0,803,201,602,55,18,37,61,17,44,0,0,0,NY,2
1570,189857,616,616,0,0,0,0,0,0,0,0,0,0,0,0,0,0,0,0,519,519,0,0,0,0,0,0,0,97,97,0,NY,2
1571,190044,3193,2205,988,5,4,1,117,69,48,98,58,40,171,107,64,1,0,1,2469,1751,718,117,74,43,72,54,18,143,88,55,NY,2
1572,190053,1503,640,863,39,12,27,10,1,9,60,32,28,36,19,17,3,3,0,981,402,579,7,2,5,355,161,194,12,8,4,NY,2
1573,190071,143,15,128,0,0,0,14,2,12,42,3,39,49,4,45,2,1,1,29,1,28,5,2,3,2,2,0,0,0,0,NY,2
1574,190099,3098,1378,1720,2,0,2,152,69,83,122,71,51,265,119,146,6,0,6,2028,867,1161,121,55,66,104,39,65,298,158,140,NY,2
1575,190114,966,289,677,3,1,2,23,12,11,547,141,406,272,62,210,2,1,1,54,43,11,30,11,19,13,7,6,22,11,11,NY,2
1576,190150,8689,4547,4142,39,22,17,1444,637,807,579,269,310,1177,648,529,10,5,5,3002,1713,1289,452,210,242,396,201,195,1590,842,748,NY,2
1577,190169,1992,743,1249,6,3,3,61,26,35,186,106,80,164,73,91,0,0,0,1480,512,968,52,8,44,42,14,28,1,1,0,NY,2
1578,190248,1699,310,1389,10,4,6,75,22,53,169,36,133,275,87,188,1,0,1,847,78,769,0,0,0,193,14,179,129,69,60,NY,2
1579,190372,881,510,371,0,0,0,205,133,72,39,17,22,109,54,55,0,0,0,270,174,96,36,18,18,70,33,37,152,81,71,NY,2
1580,190415,15396,7127,8269,45,26,19,3037,1267,1770,1027,464,563,2123,1094,1029,15,9,6,5454,2684,2770,755,323,432,1239,530,709,1701,730,971,NY,2
1581,190442,5065,2204,2861,19,10,9,66,29,37,127,57,70,119,48,71,1,1,0,2929,1221,1708,81,29,52,1715,802,913,8,7,1,NY,2
1582,190451,292,37,255,1,1,0,10,3,7,29,2,27,5,0,5,0,0,0,166,21,145,17,2,15,64,8,56,0,0,0,NY,2
1583,190503,3538,1831,1707,21,8,13,244,150,94,265,107,158,574,288,286,12,5,7,1595,822,773,123,65,58,172,85,87,532,301,231,NY,2
1584,190512,18794,9877,8917,29,16,13,5933,3154,2779,1679,829,850,4877,2459,2418,26,15,11,3976,2317,1659,397,226,171,0,0,0,1877,861,1016,NY,2
1585,190521,33933,14235,19698,102,40,62,3968,1826,2142,9039,3660,5379,14315,5900,8415,59,26,33,3628,1637,1991,697,309,388,0,0,0,2125,837,1288,NY,2
1586,190530,13983,5998,7985,29,14,15,461,241,220,4056,1684,2372,8544,3605,4939,11,3,8,378,224,154,136,64,72,0,0,0,368,163,205,NY,2
1587,190549,17946,7596,10350,33,18,15,3639,1766,1873,4044,1440,2604,4254,1685,2569,21,7,14,4977,2277,2700,423,175,248,0,0,0,555,228,327,NY,2
1588,190558,14247,6440,7807,16,6,10,1647,832,815,1938,771,1167,3789,1548,2241,19,9,10,6139,2928,3211,331,167,164,0,0,0,368,179,189,NY,2
1589,190567,15220,7184,8036,20,12,8,3501,1844,1657,2284,971,1313,5978,2513,3465,20,8,12,2204,1202,1002,344,185,159,0,0,0,869,449,420,NY,2
1590,190576,3616,1059,2557,8,2,6,494,186,308,1035,257,778,1101,283,818,12,3,9,801,269,532,92,35,57,0,0,0,73,24,49,NY,2
1591,190585,9411,3128,6283,16,6,10,272,102,170,2751,959,1792,5747,1804,3943,11,6,5,198,79,119,92,40,52,0,0,0,324,132,192,NY,2
1592,190594,20665,7316,13349,42,16,26,5569,2195,3374,2078,638,1440,6449,2079,4370,35,15,20,4908,1822,3086,563,209,354,0,0,0,1021,342,679,NY,2
1593,190600,16900,6947,9953,67,20,47,1860,972,888,2830,1060,1770,8461,3228,5233,42,19,23,2758,1304,1454,367,147,220,0,0,0,515,197,318,NY,2
1594,190619,19563,8880,10683,35,13,22,3083,1577,1506,4989,2170,2819,4139,1834,2305,20,12,8,6325,2801,3524,452,223,229,0,0,0,520,250,270,NY,2
1595,190628,23464,9929,13535,91,37,54,4676,2162,2514,3707,1425,2282,10510,4353,6157,51,26,25,2560,1094,1466,373,156,217,0,0,0,1496,676,820,NY,2
1596,190637,17112,5593,11519,32,12,20,1198,477,721,4629,1439,3190,9347,2885,6462,26,8,18,1217,542,675,194,67,127,0,0,0,469,163,306,NY,2
1597,190646,7290,2044,5246,17,5,12,250,91,159,5472,1497,3975,1074,315,759,10,4,6,157,59,98,122,27,95,0,0,0,188,46,142,NY,2
1598,190655,20500,11087,9413,62,37,25,4035,2322,1713,6038,3093,2945,6915,3725,3190,51,27,24,2141,1169,972,393,221,172,0,0,0,865,493,372,NY,2
1599,190664,20521,9370,11151,64,29,35,6089,3041,3048,1842,798,1044,6036,2504,3532,69,30,39,4930,2281,2649,460,224,236,0,0,0,1031,463,568,NY,2
1600,190673,18546,8603,9943,186,77,109,4607,2318,2289,4321,1812,2509,5734,2652,3082,112,54,58,2157,1067,1090,383,177,206,0,0,0,1046,446,600,NY,2
1601,190691,10201,3511,6690,101,28,73,2305,910,1395,4045,1321,2724,2627,839,1788,53,18,35,465,193,272,254,94,160,0,0,0,351,108,243,NY,2
1602,190716,1807,452,1355,10,1,9,136,38,98,201,56,145,112,35,77,0,0,0,1187,285,902,50,4,46,75,20,55,36,13,23,NY,2
1603,190725,1917,580,1337,6,1,5,70,27,43,208,70,138,133,50,83,1,1,0,1423,402,1021,12,2,10,33,10,23,31,17,14,NY,2
1604,190752,37,37,0,0,0,0,0,0,0,0,0,0,0,0,0,0,0,0,37,37,0,0,0,0,0,0,0,0,0,0,NY,2
1605,190761,1845,643,1202,0,0,0,109,39,70,253,87,166,527,147,380,8,3,5,542,182,360,43,18,25,332,143,189,31,24,7,NY,2
1606,190840,10674,4666,6008,21,10,11,389,165,224,1145,450,695,2212,923,1289,5,3,2,6081,2758,3323,452,201,251,307,133,174,62,23,39,NY,2
1607,190956,132,8,124,0,0,0,13,1,12,11,0,11,5,1,4,1,1,0,101,5,96,1,0,1,0,0,0,0,0,0,NY,2
1608,190983,814,274,540,8,2,6,13,1,12,41,16,25,50,18,32,2,1,1,607,183,424,26,11,15,33,14,19,34,28,6,NY,2
1609,191083,15507,7308,8199,89,35,54,714,362,352,2336,1035,1301,691,294,397,19,11,8,9612,4574,5038,539,243,296,1309,634,675,198,120,78,NY,2
1610,191126,9628,1729,7899,15,5,10,1106,200,906,923,192,731,2019,437,1582,11,3,8,3944,644,3300,391,68,323,97,21,76,1122,159,963,NY,2
1611,191199,8730,3686,5044,35,21,14,164,78,86,413,157,256,552,226,326,0,0,0,5852,2451,3401,171,62,109,1541,690,851,2,1,1,NY,2
1612,191205,664,457,207,4,2,2,18,9,9,138,90,48,93,75,18,0,0,0,319,226,93,50,33,17,24,11,13,18,11,7,NY,2
1613,191241,10576,4537,6039,5,3,2,1139,477,662,457,178,279,1610,698,912,11,5,6,5584,2434,3150,425,165,260,425,176,249,920,401,519,NY,2
1614,191302,2597,1096,1501,6,2,4,27,11,16,135,78,57,304,127,177,3,2,1,1633,646,987,102,50,52,293,128,165,94,52,42,NY,2
1615,191339,6595,2412,4183,32,13,19,65,12,53,452,149,303,310,117,193,0,0,0,4700,1661,3039,219,77,142,638,289,349,179,94,85,NY,2
1616,191515,2085,984,1101,1,1,0,146,47,99,78,35,43,193,77,116,0,0,0,1328,658,670,97,51,46,95,42,53,147,73,74,NY,2
1617,191533,1227,488,739,16,7,9,43,17,26,127,65,62,84,34,50,1,0,1,746,284,462,0,0,0,187,69,118,23,12,11,NY,2
1618,191597,849,93,756,9,4,5,77,28,49,562,47,515,103,5,98,4,1,3,92,8,84,2,0,2,0,0,0,0,0,0,NY,2
1619,191612,3417,1404,2013,16,9,7,80,29,51,418,196,222,201,81,120,2,1,1,2406,924,1482,39,13,26,136,80,56,119,71,48,NY,2
1620,191621,1334,513,821,5,1,4,8,3,5,48,16,32,51,17,34,1,0,1,553,260,293,34,14,20,627,197,430,7,5,2,NY,2
1621,191630,2100,1007,1093,7,6,1,64,25,39,120,67,53,133,64,69,1,1,0,1510,706,804,47,25,22,94,45,49,124,68,56,NY,2
1622,191649,6933,3151,3782,24,14,10,811,366,445,635,249,386,887,379,508,8,1,7,3716,1682,2034,199,80,119,231,147,84,422,233,189,NY,2
1623,191676,1028,408,620,6,3,3,36,10,26,75,35,40,15,4,11,0,0,0,751,291,460,49,24,25,59,26,33,37,15,22,NY,2
1624,191719,14891,7233,7658,69,33,36,1055,531,524,1591,724,867,991,449,542,35,17,18,10106,5003,5103,516,236,280,460,197,263,68,43,25,NY,2
1625,191931,3331,1705,1626,14,7,7,72,41,31,351,199,152,737,342,395,5,3,2,1519,794,725,61,28,33,489,236,253,83,55,28,NY,2
1626,191959,98,85,13,0,0,0,1,1,0,10,8,2,24,23,1,0,0,0,51,44,7,4,3,1,8,6,2,0,0,0,NY,2
1627,191968,6143,2642,3501,10,3,7,253,92,161,386,172,214,589,246,343,3,1,2,4387,1898,2489,209,86,123,183,82,101,123,62,61,NY,2
1628,191986,5476,2293,3183,104,41,63,61,24,37,172,95,77,390,165,225,5,2,3,4306,1754,2552,151,60,91,223,110,113,64,42,22,NY,2
1629,192004,384,112,272,29,5,24,1,0,1,10,2,8,50,12,38,2,0,2,261,83,178,31,10,21,0,0,0,0,0,0,NY,2
1630,192022,4102,1651,2451,30,14,16,54,25,29,366,207,159,335,139,196,11,5,6,2961,1099,1862,125,55,70,197,91,106,23,16,7,NY,2
1631,192040,146,61,85,1,1,0,0,0,0,0,0,0,11,3,8,0,0,0,110,45,65,0,0,0,21,10,11,3,2,1,NY,2
1632,192110,605,324,281,0,0,0,67,22,45,43,27,16,42,26,16,1,0,1,199,122,77,34,16,18,81,46,35,138,65,73,NY,2
1633,192165,161,161,0,0,0,0,0,0,0,0,0,0,0,0,0,0,0,0,161,161,0,0,0,0,0,0,0,0,0,0,NY,2
1634,192192,1560,425,1135,6,1,5,14,4,10,104,31,73,91,34,57,2,1,1,1189,294,895,49,22,27,84,26,58,21,12,9,NY,2
1635,192271,1681,179,1502,15,4,11,127,20,107,330,43,287,265,34,231,10,1,9,683,50,633,10,0,10,128,11,117,113,16,97,NY,2
1636,192323,3034,1185,1849,7,3,4,104,41,63,196,71,125,212,94,118,1,0,1,2191,860,1331,87,33,54,192,58,134,44,25,19,NY,2
1637,192448,12806,4757,8049,38,11,27,1390,534,856,1392,416,976,1694,594,1100,17,3,14,5634,2196,3438,278,90,188,2090,780,1310,273,133,140,NY,2
1638,192509,1889,474,1415,0,0,0,978,270,708,244,70,174,488,99,389,0,0,0,106,14,92,9,1,8,4,1,3,60,19,41,NY,2
1639,192624,205,205,0,0,0,0,0,0,0,0,0,0,0,0,0,0,0,0,203,203,0,0,0,0,0,0,0,2,2,0,NY,2
1640,192688,786,152,634,1,0,1,53,28,25,359,70,289,313,46,267,1,0,1,45,4,41,4,0,4,10,4,6,0,0,0,NY,2
1641,192703,3661,2086,1575,4,2,2,150,97,53,191,112,79,864,456,408,1,1,0,1960,1103,857,83,48,35,277,185,92,131,82,49,NY,2
1642,192712,525,257,268,5,5,0,26,7,19,40,25,15,26,7,19,4,4,0,218,123,95,24,15,9,14,4,10,168,67,101,NY,2
1643,192749,1607,671,936,2,1,1,40,17,23,158,61,97,436,151,285,3,0,3,760,335,425,38,13,25,83,48,35,87,45,42,NY,2
1644,192785,1001,119,882,2,1,1,63,19,44,126,15,111,84,15,69,3,0,3,524,40,484,22,4,18,177,25,152,0,0,0,NY,2
1645,192819,6503,2774,3729,6,5,1,183,79,104,281,127,154,742,299,443,5,3,2,4424,1850,2574,180,70,110,535,253,282,147,88,59,NY,2
1646,192864,2084,428,1656,5,1,4,67,15,52,218,32,186,359,81,278,1,0,1,1130,245,885,99,15,84,145,20,125,60,19,41,NY,2
1647,192925,1833,478,1355,35,14,21,45,13,32,376,115,261,80,21,59,4,0,4,1149,284,865,0,0,0,144,31,113,0,0,0,NY,2
1648,192961,158,26,132,0,0,0,16,4,12,26,4,22,5,1,4,0,0,0,105,16,89,0,0,0,6,1,5,0,0,0,NY,2
1649,193016,9037,2747,6290,27,7,20,361,129,232,2308,634,1674,3576,1016,2560,20,3,17,1746,593,1153,149,36,113,760,287,473,90,42,48,NY,2
1650,193052,268,268,0,0,0,0,0,0,0,0,0,0,0,0,0,0,0,0,268,268,0,0,0,0,0,0,0,0,0,0,NY,2
1651,193061,36,36,0,0,0,0,0,0,0,0,0,0,0,0,0,0,0,0,35,35,0,0,0,0,0,0,0,1,1,0,NY,2
1652,193070,88,44,44,0,0,0,0,0,0,0,0,0,0,0,0,0,0,0,88,44,44,0,0,0,0,0,0,0,0,0,NY,2
1653,193201,801,130,671,1,0,1,5,0,5,106,14,92,18,2,16,0,0,0,112,16,96,0,0,0,559,98,461,0,0,0,NY,2
1654,193247,123,123,0,0,0,0,0,0,0,0,0,0,0,0,0,0,0,0,115,115,0,0,0,0,0,0,0,8,8,0,NY,2
1655,193283,8530,3994,4536,25,9,16,424,208,216,605,289,316,624,277,347,5,4,1,5963,2737,3226,219,94,125,627,354,273,38,22,16,NY,2
1656,193292,6473,2035,4438,12,3,9,428,135,293,514,133,381,1081,317,764,9,1,8,4141,1362,2779,169,50,119,79,22,57,40,12,28,NY,2
1657,193308,7647,2637,5010,33,14,19,169,71,98,3188,1124,2064,3300,1068,2232,17,3,14,268,98,170,0,0,0,0,0,0,672,259,413,NY,2
1658,193326,23147,11356,11791,98,47,51,1061,529,532,3910,1553,2357,2404,1037,1367,31,14,17,14182,7450,6732,905,374,531,371,240,131,185,112,73,NY,2
1659,193353,2108,580,1528,10,4,6,47,10,37,177,47,130,373,103,270,0,0,0,1162,311,851,30,6,24,303,98,205,6,1,5,NY,2
1660,193380,177,30,147,0,0,0,12,5,7,73,10,63,45,8,37,0,0,0,20,4,16,3,1,2,24,2,22,0,0,0,NY,2
1661,193399,2052,551,1501,1,1,0,138,38,100,345,94,251,831,223,608,1,1,0,465,132,333,67,17,50,178,33,145,26,12,14,NY,2
1662,193478,22782,10783,11999,57,33,24,1725,921,804,4421,1915,2506,6351,2780,3571,58,24,34,8382,4289,4093,463,207,256,1178,553,625,147,61,86,NY,2
1663,193584,2355,625,1730,5,1,4,72,17,55,130,39,91,139,51,88,1,1,0,1807,443,1364,67,14,53,92,39,53,42,20,22,NY,2
1664,193654,8802,2177,6625,11,4,7,827,152,675,374,127,247,943,244,699,9,2,7,2685,760,1925,344,86,258,844,255,589,2765,547,2218,NY,2
1665,193900,29633,12496,17137,39,9,30,5349,2448,2901,2265,765,1500,4553,1734,2819,36,22,14,7726,3219,4507,1249,439,810,1673,778,895,6743,3082,3661,NY,2
1666,193946,5673,2348,3325,74,32,42,91,44,47,555,232,323,252,98,154,2,0,2,4307,1782,2525,211,80,131,158,66,92,23,14,9,NY,2
1667,193973,3015,1102,1913,20,8,12,42,14,28,159,56,103,139,62,77,3,1,2,1908,718,1190,78,25,53,137,55,82,529,163,366,NY,2
1668,194028,2264,918,1346,72,21,51,10,7,3,162,138,24,48,23,25,16,5,11,1796,630,1166,18,6,12,127,82,45,15,6,9,NY,2
1669,194091,4116,2532,1584,11,5,6,745,451,294,380,226,154,712,447,265,17,9,8,1033,672,361,203,113,90,389,240,149,626,369,257,NY,2
1670,194116,661,61,600,8,2,6,24,3,21,28,2,26,63,4,59,0,0,0,305,28,277,16,3,13,167,11,156,50,8,42,NY,2
1671,194161,1279,592,687,14,8,6,76,37,39,410,189,221,413,192,221,3,1,2,193,84,109,42,20,22,42,22,20,86,39,47,NY,2
1672,194189,134,134,0,0,0,0,0,0,0,0,0,0,0,0,0,0,0,0,127,127,0,0,0,0,0,0,0,7,7,0,NY,2
1673,194222,12471,5958,6513,147,68,79,448,210,238,1592,703,889,739,352,387,9,5,4,7390,3575,3815,375,154,221,1704,846,858,67,45,22,NY,2
1674,194240,7728,3139,4589,17,8,9,214,92,122,977,396,581,2175,847,1328,11,6,5,3815,1579,2236,265,101,164,246,105,141,8,5,3,NY,2
1675,194310,9649,3613,6036,27,6,21,692,263,429,962,326,636,1317,447,870,11,5,6,4453,1688,2765,394,115,279,542,220,322,1251,543,708,NY,2
1676,194392,744,496,248,15,6,9,7,4,3,40,29,11,23,11,12,1,1,0,615,420,195,9,6,3,29,17,12,5,2,3,NY,2
1677,194499,1388,273,1115,0,0,0,165,32,133,445,89,356,458,89,369,0,0,0,178,35,143,142,28,114,0,0,0,0,0,0,NY,2
1678,194569,103,54,49,0,0,0,1,1,0,18,13,5,8,4,4,0,0,0,60,25,35,4,1,3,7,6,1,5,4,1,NY,2
1679,194578,4935,1400,3535,5,1,4,677,162,515,186,70,116,471,141,330,3,2,1,1721,529,1192,169,45,124,55,13,42,1648,437,1211,NY,2
1680,194657,158,158,0,0,0,0,0,0,0,0,0,0,0,0,0,0,0,0,150,150,0,0,0,0,0,0,0,8,8,0,NY,2
1681,194666,370,370,0,0,0,0,0,0,0,0,0,0,0,0,0,0,0,0,370,370,0,0,0,0,0,0,0,0,0,0,NY,2
1682,194693,53,53,0,0,0,0,0,0,0,0,0,0,0,0,0,0,0,0,53,53,0,0,0,0,0,0,0,0,0,0,NY,2
1683,194736,167,167,0,0,0,0,0,0,0,0,0,0,0,0,0,0,0,0,166,166,0,0,0,0,0,0,0,1,1,0,NY,2
1684,194763,276,276,0,0,0,0,0,0,0,0,0,0,0,0,0,0,0,0,276,276,0,0,0,0,0,0,0,0,0,0,NY,2
1685,194824,6888,4707,2181,12,8,4,1040,636,404,281,192,89,672,476,196,2,1,1,3217,2183,1034,366,235,131,171,114,57,1127,862,265,NY,2
1686,194958,1892,576,1316,4,2,2,61,28,33,194,45,149,131,38,93,3,0,3,1329,400,929,67,16,51,38,11,27,65,36,29,NY,2
1687,195003,14744,9909,4835,15,7,8,1337,851,486,585,327,258,1063,687,376,5,1,4,8556,5841,2715,546,346,200,1749,1258,491,888,591,297,NY,2
1688,195030,8037,3823,4214,8,3,5,822,403,419,444,179,265,559,240,319,9,7,2,3327,1480,1847,237,96,141,511,268,243,2120,1147,973,NY,2
1689,195058,9008,4090,4918,13,5,8,481,263,218,1522,593,929,2187,996,1191,15,7,8,3141,1475,1666,158,68,90,1377,629,748,114,54,60,NY,2
1690,195128,1430,316,1114,8,3,5,66,13,53,162,57,105,131,39,92,6,1,5,840,158,682,51,7,44,144,34,110,22,4,18,NY,2
1691,195164,1861,989,872,8,4,4,67,29,38,106,68,38,126,72,54,2,1,1,1363,706,657,46,20,26,82,43,39,61,46,15,NY,2
1692,195173,2697,1052,1645,10,3,7,130,41,89,581,233,348,699,223,476,41,9,32,806,344,462,85,34,51,113,39,74,232,126,106,NY,2
1693,195191,341,38,303,2,0,2,16,3,13,21,5,16,5,0,5,0,0,0,260,26,234,9,2,7,28,2,26,0,0,0,NY,2
1694,195216,2490,1134,1356,6,2,4,43,15,28,98,45,53,129,47,82,0,0,0,1892,861,1031,42,17,25,46,29,17,234,118,116,NY,2
1695,195234,2546,880,1666,9,2,7,76,18,58,453,177,276,146,53,93,3,1,2,1374,445,929,309,100,209,94,39,55,82,45,37,NY,2
1696,195243,2091,1066,1025,2,0,2,84,38,46,184,114,70,401,189,212,1,0,1,1172,592,580,76,35,41,89,52,37,82,46,36,NY,2
1697,195289,171,24,147,0,0,0,8,3,5,20,5,15,5,2,3,0,0,0,136,14,122,0,0,0,2,0,2,0,0,0,NY,2
1698,195304,1483,384,1099,1,1,0,64,18,46,59,17,42,127,27,100,0,0,0,852,228,624,70,9,61,142,47,95,168,37,131,NY,2
1699,195322,6194,2716,3478,46,22,24,646,302,344,866,329,537,508,207,301,25,7,18,3765,1707,2058,127,52,75,201,86,115,10,4,6,NY,2
1700,195438,184,184,0,0,0,0,0,0,0,0,0,0,0,0,0,0,0,0,177,177,0,0,0,0,0,0,0,7,7,0,NY,2
1701,195474,3371,1472,1899,6,4,2,150,61,89,112,55,57,277,114,163,1,0,1,2550,1116,1434,86,28,58,94,44,50,95,50,45,NY,2
1702,195526,2817,1129,1688,0,0,0,157,57,100,152,75,77,282,127,155,0,0,0,1696,648,1048,147,66,81,83,32,51,300,124,176,NY,2
1703,195544,4429,1423,3006,17,6,11,137,43,94,372,104,268,808,249,559,7,3,4,2495,805,1690,95,31,64,451,163,288,47,19,28,NY,2
1704,195702,186,20,166,0,0,0,14,0,14,3,0,3,2,0,2,0,0,0,159,19,140,5,1,4,0,0,0,3,0,3,NY,2
1705,195720,2865,1166,1699,9,3,6,91,31,60,121,58,63,156,63,93,1,1,0,2372,958,1414,53,26,27,58,23,35,4,3,1,NY,2
1706,195784,846,126,720,1,0,1,28,8,20,258,42,216,138,17,121,3,0,3,297,33,264,29,5,24,91,20,71,1,1,0,NY,2
1707,195809,18131,7784,10347,55,21,34,2450,1003,1447,1998,774,1224,2721,1149,1572,31,9,22,8621,3851,4770,761,295,466,894,391,503,600,291,309,NY,2
1708,195988,2000,900,1100,4,2,2,45,19,26,334,166,168,488,233,255,3,1,2,915,376,539,81,37,44,129,65,64,1,1,0,NY,2
1709,196006,4225,2586,1639,11,9,2,63,28,35,562,371,191,389,231,158,4,4,0,3039,1854,1185,123,72,51,6,1,5,28,16,12,NY,2
1710,196015,4756,2184,2572,60,28,32,97,45,52,507,239,268,447,195,252,2,1,1,2665,1181,1484,89,42,47,838,425,413,51,28,23,NY,2
1711,196024,3398,1510,1888,14,1,13,69,24,45,552,253,299,555,257,298,2,1,1,1982,876,1106,93,39,54,118,55,63,13,4,9,NY,2
1712,196033,2544,1176,1368,8,4,4,37,17,20,278,143,135,284,129,155,1,0,1,1765,804,961,78,28,50,57,25,32,36,26,10,NY,2
1713,196042,12774,7156,5618,35,20,15,1208,719,489,1167,631,536,2788,1441,1347,23,15,8,6884,3962,2922,318,167,151,155,87,68,196,114,82,NY,2
1714,196051,3127,1552,1575,12,3,9,33,25,8,679,350,329,238,121,117,1,1,0,1809,788,1021,79,36,43,226,199,27,50,29,21,NY,2
1715,196060,15185,7407,7778,33,15,18,1230,613,617,2772,1064,1708,2517,1108,1409,12,7,5,6361,3420,2941,519,223,296,903,419,484,838,538,300,NY,2
1716,196079,15293,7648,7645,8,5,3,2225,1072,1153,742,295,447,1857,889,968,5,3,2,8783,4489,4294,443,226,217,202,103,99,1028,566,462,NY,2
1717,196088,24445,13641,10804,90,50,40,3617,2140,1477,2043,966,1077,1770,953,817,18,9,9,11327,6597,4730,540,285,255,1495,865,630,3545,1776,1769,NY,2
1718,196097,24056,11878,12178,17,6,11,5286,2674,2612,1393,559,834,2699,1203,1496,13,7,6,6577,3317,3260,549,268,281,4611,2125,2486,2911,1719,1192,NY,2
1719,196103,1920,1000,920,4,3,1,71,27,44,35,16,19,115,50,65,2,1,1,1481,799,682,53,25,28,99,46,53,60,33,27,NY,2
1720,196112,2433,1573,860,8,4,4,201,119,82,166,108,58,197,131,66,6,4,2,1747,1134,613,60,39,21,11,5,6,37,29,8,NY,2
1721,196121,7495,3154,4341,13,3,10,168,85,83,856,306,550,595,242,353,6,1,5,5188,2253,2935,210,85,125,402,145,257,57,34,23,NY,2
1722,196130,8622,3705,4917,34,16,18,391,199,192,2641,1067,1574,1105,447,658,5,3,2,3999,1776,2223,308,120,188,14,7,7,125,70,55,NY,2
1723,196149,6923,3056,3867,15,4,11,90,36,54,446,236,210,901,399,502,4,0,4,5012,2161,2851,159,71,88,258,123,135,38,26,12,NY,2
1724,196158,4487,1940,2547,27,10,17,79,36,43,387,164,223,453,204,249,2,2,0,3168,1331,1837,146,64,82,131,73,58,94,56,38,NY,2
1725,196167,5569,2111,3458,5,1,4,278,106,172,171,59,112,473,169,304,7,3,4,4267,1635,2632,136,54,82,154,50,104,78,34,44,NY,2
1726,196176,7684,2839,4845,7,2,5,404,146,258,466,163,303,1565,566,999,8,4,4,4517,1669,2848,207,73,134,309,123,186,201,93,108,NY,2
1727,196185,7334,2889,4445,48,19,29,147,40,107,351,125,226,1122,426,696,4,1,3,5169,2089,3080,159,52,107,294,124,170,40,13,27,NY,2
1728,196194,7926,3940,3986,28,10,18,194,94,100,805,362,443,966,449,517,2,0,2,5371,2741,2630,248,109,139,103,40,63,209,135,74,NY,2
1729,196200,3298,1266,2032,48,8,40,68,36,32,395,154,241,453,157,296,2,1,1,2098,824,1274,104,32,72,115,48,67,15,6,9,NY,2
1730,196219,4568,1919,2649,7,3,4,200,85,115,552,220,332,1112,441,671,6,4,2,2374,1027,1347,224,102,122,24,11,13,69,26,43,NY,2
1731,196237,5948,2439,3509,25,11,14,638,304,334,1546,574,972,1685,645,1040,17,6,11,1730,787,943,146,43,103,78,33,45,83,36,47,NY,2
1732,196246,5529,2357,3172,29,12,17,146,65,81,539,201,338,678,288,390,7,1,6,3519,1509,2010,93,35,58,179,64,115,339,182,157,NY,2
1733,196255,314,67,247,0,0,0,53,12,41,72,12,60,44,11,33,1,1,0,119,21,98,7,2,5,18,8,10,0,0,0,NY,2
1734,196264,13501,5000,8501,45,15,30,397,184,213,1995,615,1380,1827,704,1123,26,15,11,7327,2676,4651,322,113,209,1474,633,841,88,45,43,NY,2
1735,196291,1674,1439,235,1,1,0,81,68,13,87,75,12,276,227,49,0,0,0,1093,955,138,37,30,7,57,50,7,42,33,9,NY,2
1736,196307,274,56,218,0,0,0,16,7,9,10,3,7,15,4,11,0,0,0,198,38,160,3,1,2,28,3,25,4,0,4,NY,2
1737,196389,1113,259,854,4,1,3,65,14,51,445,100,345,334,59,275,0,0,0,89,29,60,30,5,25,146,51,95,0,0,0,NY,2
1738,196413,29745,13067,16678,157,58,99,2289,1005,1284,2208,880,1328,3631,1475,2156,25,9,16,16987,7510,9477,1064,411,653,1103,528,575,2281,1191,1090,NY,2
1739,196431,360,360,0,0,0,0,0,0,0,0,0,0,0,0,0,0,0,0,317,317,0,0,0,0,0,0,0,43,43,0,NY,2
1740,196440,9,9,0,0,0,0,0,0,0,0,0,0,0,0,0,0,0,0,9,9,0,0,0,0,0,0,0,0,0,0,NY,2
1741,196565,8705,3957,4748,25,15,10,210,95,115,421,234,187,643,277,366,10,3,7,6180,2754,3426,369,177,192,643,319,324,204,83,121,NY,2
1742,196583,29,29,0,0,0,0,0,0,0,0,0,0,0,0,0,0,0,0,27,27,0,0,0,0,0,0,0,2,2,0,NY,2
1743,196592,7196,2186,5010,14,3,11,200,62,138,870,172,698,670,151,519,12,3,9,4102,1394,2708,62,25,37,1059,301,758,207,75,132,NY,2
1744,196653,1723,254,1469,20,1,19,30,9,21,362,30,332,101,14,87,2,0,2,1058,171,887,36,7,29,114,22,92,0,0,0,NY,2
1745,196680,30153,16159,13994,174,98,76,837,500,337,5057,2360,2697,3552,2292,1260,186,123,63,18556,9665,8891,1122,678,444,483,373,110,186,70,116,NY,2
1746,196699,4394,2067,2327,12,5,7,121,54,67,318,166,152,691,317,374,3,1,2,2715,1262,1453,155,55,100,374,204,170,5,3,2,NY,2
1747,196866,2220,1191,1029,2,1,1,123,52,71,82,41,41,196,98,98,0,0,0,1502,821,681,74,38,36,26,15,11,215,125,90,NY,2
1748,197018,2020,2020,0,0,0,0,0,0,0,0,0,0,0,0,0,0,0,0,1984,1984,0,0,0,0,0,0,0,36,36,0,NY,2
1749,197027,1286,999,287,13,11,2,78,50,28,16,13,3,66,52,14,9,8,1,1009,794,215,75,56,19,12,9,3,8,6,2,NY,0
1750,197036,4503,3467,1036,35,23,12,367,269,98,552,407,145,452,334,118,9,7,2,2852,2242,610,130,100,30,47,30,17,59,55,4,NY,0
1751,197045,4713,1902,2811,24,11,13,209,81,128,479,220,259,435,148,287,4,1,3,3119,1255,1864,103,40,63,298,118,180,42,28,14,NY,2
1752,197133,2591,1044,1547,1,1,0,298,122,176,93,19,74,281,124,157,0,0,0,1447,604,843,227,74,153,10,5,5,234,95,139,NY,2
1753,197142,569,243,326,3,1,2,6,1,5,184,88,96,55,31,24,0,0,0,279,98,181,33,16,17,2,1,1,7,7,0,NY,2
1754,197151,3979,1130,2849,0,0,0,559,150,409,143,56,87,394,138,256,0,0,0,774,256,518,0,0,0,77,22,55,2032,508,1524,NY,2
1755,197197,1859,613,1246,3,1,2,94,26,68,147,92,55,234,73,161,1,0,1,1089,329,760,57,21,36,137,32,105,97,39,58,NY,2
1756,197221,103,79,24,0,0,0,8,6,2,0,0,0,4,3,1,0,0,0,82,64,18,8,6,2,1,0,1,0,0,0,NY,2
1757,197230,431,150,281,3,2,1,8,6,2,54,18,36,70,19,51,0,0,0,260,96,164,13,4,9,11,2,9,12,3,9,NY,2
1758,197285,1392,442,950,3,2,1,33,10,23,517,142,375,666,223,443,1,0,1,103,38,65,22,13,9,47,14,33,0,0,0,NY,2
1759,197294,19102,9004,10098,47,28,19,853,434,419,3116,1268,1848,6678,3026,3652,34,21,13,6975,3550,3425,435,217,218,767,397,370,197,63,134,NY,2
1760,197601,130,130,0,0,0,0,0,0,0,0,0,0,0,0,0,0,0,0,130,130,0,0,0,0,0,0,0,0,0,0,NY,2
1761,197647,92,92,0,0,0,0,0,0,0,0,0,0,0,0,0,0,0,0,80,80,0,0,0,0,0,0,0,12,12,0,NY,2
1762,197674,196,196,0,0,0,0,0,0,0,0,0,0,0,0,0,0,0,0,186,186,0,0,0,0,0,0,0,10,10,0,NY,2
1763,197692,77,77,0,0,0,0,0,0,0,0,0,0,0,0,0,0,0,0,77,77,0,0,0,0,0,0,0,0,0,0,NY,2
1764,197708,3234,1764,1470,0,0,0,1,0,1,0,0,0,10,4,6,0,0,0,2755,1482,1273,4,3,1,268,165,103,196,110,86,NY,2
1765,197735,665,665,0,0,0,0,0,0,0,0,0,0,0,0,0,0,0,0,644,644,0,0,0,0,0,0,0,21,21,0,NY,2
1766,197744,191,191,0,0,0,0,0,0,0,0,0,0,0,0,0,0,0,0,169,169,0,0,0,0,2,2,0,20,20,0,NY,2
1767,197814,3379,1150,2229,19,5,14,34,13,21,427,126,301,154,46,108,9,2,7,2188,751,1437,133,43,90,324,125,199,91,39,52,NC,5
1768,197850,4164,1412,2752,19,12,7,123,51,72,702,164,538,543,165,378,4,1,3,2275,836,1439,123,45,78,354,127,227,21,11,10,NC,5
1769,197869,18679,8215,10464,54,25,29,312,118,194,660,330,330,1344,576,768,7,5,2,15213,6679,8534,781,346,435,153,68,85,155,68,87,NC,5
1770,197887,9962,4003,5959,47,23,24,145,59,86,538,180,358,924,381,543,16,10,6,7617,3070,4547,297,106,191,258,123,135,120,51,69,NC,5
1771,197911,1155,461,694,9,2,7,14,7,7,281,108,173,85,42,43,2,0,2,636,227,409,37,19,18,27,10,17,64,46,18,NC,5
1772,197966,2076,678,1398,5,3,2,14,5,9,536,126,410,222,70,152,0,0,0,1179,431,748,43,14,29,70,28,42,7,1,6,NC,5
1773,197984,1600,818,782,14,5,9,30,18,12,221,96,125,23,9,14,1,1,0,958,491,467,3,1,2,312,163,149,38,34,4,NC,5
1774,197993,320,0,320,0,0,0,2,0,2,300,0,300,4,0,4,1,0,1,0,0,0,4,0,4,7,0,7,2,0,2,NC,5
1775,198011,1634,482,1152,240,36,204,7,1,6,436,109,327,140,62,78,1,0,1,691,243,448,72,17,55,46,14,32,1,0,1,NC,5
1776,198039,3237,1376,1861,19,13,6,36,14,22,136,51,85,372,144,228,0,0,0,2490,1071,1419,0,0,0,137,60,77,47,23,24,NC,5
1777,198066,785,434,351,11,8,3,4,0,4,107,80,27,74,44,30,1,1,0,519,258,261,39,17,22,11,7,4,19,19,0,NC,5
1778,198084,2174,783,1391,13,5,8,14,6,8,232,70,162,186,69,117,1,1,0,1464,537,927,87,26,61,177,69,108,0,0,0,NC,5
1779,198109,516,43,473,2,0,2,10,1,9,55,7,48,23,2,21,1,0,1,407,30,377,17,3,14,1,0,1,0,0,0,NC,5
1780,198118,4778,1919,2859,65,32,33,70,21,49,197,78,119,377,159,218,10,8,2,3814,1520,2294,102,42,60,110,49,61,33,10,23,NC,5
1781,198136,4661,2292,2369,19,10,9,114,54,60,733,373,360,504,249,255,15,10,5,2665,1282,1383,234,101,133,289,163,126,88,50,38,NC,5
1782,198154,11327,4808,6519,97,39,58,162,65,97,1234,459,775,1076,443,633,19,12,7,7933,3459,4474,330,135,195,410,164,246,66,32,34,NC,5
1783,198206,1887,596,1291,8,1,7,15,3,12,131,45,86,142,46,96,8,2,6,1485,464,1021,62,20,42,29,14,15,7,1,6,NC,5
1784,198215,1572,685,887,8,1,7,14,5,9,335,187,148,132,47,85,3,1,2,918,355,563,59,29,30,33,20,13,70,40,30,NC,5
1785,198233,6218,2631,3587,13,5,8,470,205,265,395,150,245,800,337,463,4,3,1,4187,1779,2408,184,68,116,96,49,47,69,35,34,NC,5
1786,198251,7564,2796,4768,55,19,36,103,35,68,1221,409,812,1430,533,897,17,7,10,4020,1524,2496,211,69,142,422,172,250,85,28,57,NC,5
1787,198260,28401,12147,16254,148,68,80,1305,593,712,7788,2797,4991,3681,1515,2166,47,23,24,12316,5793,6523,880,366,514,925,422,503,1311,570,741,NC,5
1788,198303,1328,717,611,12,8,4,2,1,1,873,486,387,35,13,22,0,0,0,230,116,114,23,9,14,111,59,52,42,25,17,NC,5
1789,198321,3683,1223,2460,18,8,10,43,15,28,700,185,515,190,68,122,4,1,3,2495,878,1617,86,27,59,135,39,96,12,2,10,NC,5
1790,198330,5151,1924,3227,68,24,44,185,84,101,910,327,583,805,322,483,41,14,27,3032,1116,1916,63,23,40,14,6,8,33,8,25,NC,5
1791,198367,4238,1745,2493,20,8,12,151,71,80,701,198,503,407,171,236,13,4,9,2576,1132,1444,184,78,106,146,70,76,40,13,27,NC,5
1792,198376,5162,1785,3377,44,12,32,83,31,52,674,156,518,401,142,259,3,0,3,3562,1305,2257,122,35,87,217,87,130,56,17,39,NC,5
1793,198385,2022,999,1023,7,2,5,105,50,55,133,69,64,155,72,83,2,1,1,1367,674,693,96,51,45,17,7,10,140,73,67,NC,5
1794,198419,7278,3554,3724,42,14,28,1469,748,721,636,259,377,734,307,427,3,3,0,3061,1521,1540,354,176,178,304,141,163,675,385,290,NC,5
1795,198455,9126,3296,5830,37,9,28,384,139,245,2930,873,2057,1315,483,832,6,4,2,3105,1241,1864,296,113,183,600,268,332,453,166,287,NC,5
1796,198464,25249,10740,14509,155,62,93,603,280,323,4253,1705,2548,1860,783,1077,36,19,17,16360,7058,9302,950,418,532,875,331,544,157,84,73,NC,5
1797,198491,2792,636,2156,24,4,20,6,2,4,1516,292,1224,137,49,88,0,0,0,969,255,714,40,8,32,88,25,63,12,1,11,NC,5
1798,198507,1922,787,1135,7,3,4,12,4,8,1286,521,765,85,33,52,2,0,2,381,156,225,91,44,47,44,20,24,14,6,8,NC,5
1799,198516,6458,2582,3876,10,3,7,155,50,105,354,156,198,424,160,264,1,1,0,5147,2082,3065,211,65,146,20,13,7,136,52,84,NC,5
1800,198534,18495,8241,10254,436,144,292,363,180,183,7023,3182,3841,2260,931,1329,77,24,53,6631,3136,3495,917,289,628,640,322,318,148,33,115,NC,5
1801,198543,7062,2191,4871,124,24,100,155,45,110,3831,1164,2667,646,208,438,23,7,16,1511,484,1027,303,103,200,424,144,280,45,12,33,NC,5
1802,198552,10493,4010,6483,49,24,25,205,81,124,2424,787,1637,1478,604,874,18,7,11,5620,2258,3362,312,105,207,296,112,184,91,32,59,NC,5
1803,198561,2734,941,1793,16,5,11,31,12,19,470,205,265,117,51,66,3,1,2,1708,493,1215,60,31,29,328,142,186,1,1,0,NC,5
1804,198570,8823,3025,5798,24,9,15,78,37,41,1136,279,857,612,211,401,7,3,4,4720,1738,2982,229,54,175,1901,650,1251,116,44,72,NC,5
1805,198598,960,468,492,4,1,3,6,2,4,300,143,157,47,25,22,0,0,0,440,222,218,57,26,31,105,49,56,1,0,1,NC,5
1806,198613,1660,794,866,5,4,1,75,29,46,397,220,177,183,74,109,1,0,1,838,387,451,67,28,39,62,37,25,32,15,17,NC,5
1807,198622,14407,6027,8380,90,33,57,729,314,415,5294,1868,3426,1582,672,910,18,7,11,5764,2724,3040,374,162,212,445,184,261,111,63,48,NC,5
1808,198640,1478,547,931,29,17,12,12,6,6,786,315,471,48,17,31,0,0,0,499,152,347,20,7,13,82,32,50,2,1,1,NC,5
1809,198668,2103,736,1367,34,16,18,16,5,11,149,13,136,98,35,63,6,2,4,1725,637,1088,21,8,13,49,19,30,5,1,4,NC,5
1810,198677,74,23,51,0,0,0,0,0,0,56,15,41,1,0,1,0,0,0,17,8,9,0,0,0,0,0,0,0,0,0,NC,5
1811,198695,4667,2026,2641,16,4,12,76,30,46,236,91,145,281,124,157,2,1,1,3581,1557,2024,228,93,135,125,60,65,122,66,56,NC,5
1812,198710,2882,1134,1748,13,6,7,27,8,19,267,85,182,219,90,129,1,1,0,2068,848,1220,76,21,55,200,71,129,11,4,7,NC,5
1813,198729,1690,563,1127,9,1,8,4,2,2,425,118,307,401,136,265,2,0,2,771,282,489,28,10,18,25,7,18,25,7,18,NC,5
1814,198756,1599,637,962,10,6,4,4,1,3,1292,508,784,35,16,19,2,0,2,28,9,19,5,4,1,208,83,125,15,10,5,NC,5
1815,198774,5431,1904,3527,25,9,16,53,22,31,812,270,542,862,272,590,9,6,3,3417,1241,2176,117,38,79,94,27,67,42,19,23,NC,5
1816,198808,920,289,631,5,2,3,5,0,5,68,22,46,58,19,39,0,0,0,657,187,470,17,7,10,79,28,51,31,24,7,NC,5
1817,198817,3579,1286,2293,19,10,9,35,15,20,992,292,700,376,155,221,0,0,0,2033,775,1258,81,25,56,0,0,0,43,14,29,NC,5
1818,198835,1954,802,1152,6,3,3,41,15,26,207,136,71,159,55,104,1,1,0,1278,476,802,100,35,65,82,41,41,80,40,40,NC,5
1819,198862,1260,632,628,8,4,4,2,1,1,1121,573,548,0,0,0,8,5,3,41,18,23,6,4,2,43,15,28,31,12,19,NC,5
1820,198871,579,397,182,6,2,4,3,3,0,388,284,104,16,13,3,1,1,0,130,78,52,30,15,15,5,1,4,0,0,0,NC,5
1821,198899,1102,503,599,12,4,8,9,3,6,192,135,57,77,29,48,1,1,0,711,271,440,44,18,26,10,4,6,46,38,8,NC,5
1822,198905,1124,384,740,4,2,2,7,4,3,357,127,230,13,2,11,2,2,0,495,169,326,3,1,2,241,75,166,2,2,0,NC,5
1823,198914,991,418,573,9,6,3,5,2,3,6,4,2,48,17,31,0,0,0,816,331,485,0,0,0,102,54,48,5,4,1,NC,5
1824,198923,1438,553,885,6,2,4,17,11,6,46,14,32,137,53,84,4,1,3,1201,461,740,14,6,8,10,3,7,3,2,1,NC,5
1825,198950,1629,6,1623,6,0,6,59,0,59,142,2,140,157,1,156,2,0,2,1101,3,1098,58,0,58,84,0,84,20,0,20,NC,5
1826,198969,1786,946,840,19,8,11,17,7,10,304,187,117,150,67,83,5,2,3,699,387,312,32,15,17,390,195,195,170,78,92,NC,5
1827,198987,4260,1654,2606,39,19,20,105,39,66,443,130,313,470,180,290,2,2,0,2960,1191,1769,108,38,70,116,49,67,17,6,11,NC,5
1828,199023,1175,515,660,4,3,1,28,10,18,183,49,134,241,113,128,0,0,0,682,322,360,21,12,9,9,2,7,7,4,3,NC,5
1829,199032,910,462,448,9,3,6,9,5,4,126,57,69,67,51,16,8,6,2,590,278,312,32,19,13,41,24,17,28,19,9,NC,5
1830,199069,3334,1105,2229,10,2,8,26,10,16,942,261,681,235,82,153,5,2,3,1750,597,1153,117,40,77,117,38,79,132,73,59,NC,5
1831,199087,6046,2532,3514,112,50,62,91,50,41,1734,519,1215,522,196,326,15,3,12,3290,1605,1685,105,36,69,119,45,74,58,28,30,NC,5
1832,199102,12108,5105,7003,37,22,15,126,78,48,9622,3911,5711,523,217,306,3,1,2,737,406,331,549,205,344,422,199,223,89,66,23,NC,5
1833,199111,4139,1742,2397,18,6,12,81,26,55,216,84,132,341,144,197,3,1,2,3056,1301,1755,168,67,101,202,91,111,54,22,32,NC,5
1834,199120,20215,8209,12006,92,39,53,2315,1009,1306,1694,622,1072,1738,630,1108,14,7,7,11833,4828,7005,1009,394,615,728,299,429,792,381,411,NC,5
1835,199139,27636,14567,13069,83,36,47,2258,1214,1044,4479,1936,2543,3037,1441,1596,24,18,6,15146,8466,6680,1309,612,697,507,305,202,793,539,254,NC,5
1836,199148,18332,6139,12193,58,25,33,934,378,556,5207,1443,3764,2062,686,1376,11,6,5,8309,2982,5327,923,287,636,481,172,309,347,160,187,NC,5
1837,199157,6869,2145,4724,24,6,18,85,32,53,5153,1539,3614,478,159,319,2,0,2,554,225,329,345,115,230,214,66,148,14,3,11,NC,5
1838,199184,944,410,534,8,2,6,23,11,12,74,30,44,89,41,48,1,1,0,666,291,375,52,17,35,12,6,6,19,11,8,NC,5
1839,199193,28869,14928,13941,112,61,51,2242,1141,1101,1757,761,996,1818,924,894,18,6,12,18942,9903,9039,1094,532,562,1691,871,820,1195,729,466,NC,5
1840,199209,2013,853,1160,24,11,13,18,9,9,832,299,533,78,43,35,2,0,2,561,228,333,65,35,30,260,99,161,173,129,44,NC,5
1841,199218,17001,6200,10801,57,25,32,345,135,210,753,276,477,1265,486,779,24,8,16,13118,4725,8393,673,240,433,411,164,247,355,141,214,NC,5
1842,199263,777,378,399,6,5,1,6,2,4,256,134,122,52,30,22,2,1,1,403,181,222,16,5,11,36,20,16,0,0,0,NC,5
1843,199272,1100,481,619,8,3,5,19,12,7,249,96,153,112,59,53,1,0,1,525,237,288,42,17,25,137,54,83,7,3,4,NC,5
1844,199281,7447,2806,4641,1035,346,689,104,47,57,2290,901,1389,566,208,358,6,2,4,2802,1061,1741,417,161,256,117,40,77,110,40,70,NC,5
1845,199306,937,378,559,8,4,4,7,0,7,217,86,131,97,42,55,3,1,2,562,218,344,29,15,14,2,0,2,12,12,0,NC,5
1846,199324,1789,685,1104,12,5,7,8,4,4,532,185,347,88,32,56,2,1,1,1074,429,645,49,22,27,19,6,13,5,1,4,NC,5
1847,199333,12367,4792,7575,99,48,51,178,75,103,3955,1319,2636,1013,426,587,52,15,37,6182,2566,3616,300,102,198,527,214,313,61,27,34,NC,5
1848,199412,1943,622,1321,10,3,7,56,13,43,313,95,218,228,64,164,2,0,2,1070,330,740,9,3,6,79,17,62,176,97,79,NC,5
1849,199421,3575,1310,2265,24,8,16,49,19,30,188,53,135,533,212,321,5,2,3,2199,766,1433,31,13,18,505,226,279,41,11,30,NC,5
1850,199449,3121,1073,2048,311,103,208,40,26,14,793,202,591,180,72,108,3,1,2,1254,456,798,84,24,60,443,184,259,13,5,8,NC,5
1851,199458,207,129,78,2,0,2,2,2,0,46,32,14,16,10,6,1,0,1,133,81,52,3,2,1,0,0,0,4,2,2,NC,5
1852,199467,791,238,553,9,2,7,7,4,3,468,126,342,18,3,15,0,0,0,252,92,160,6,3,3,30,7,23,1,1,0,NC,5
1853,199476,2536,764,1772,1132,319,813,21,6,15,480,137,343,270,104,166,1,0,1,522,162,360,91,29,62,17,5,12,2,2,0,NC,5
1854,199485,2519,956,1563,7,4,3,13,4,9,401,117,284,232,98,134,4,0,4,1636,645,991,65,23,42,141,59,82,20,6,14,NC,5
1855,199494,9246,3353,5893,34,14,20,223,84,139,1779,479,1300,1155,427,728,9,5,4,5260,2067,3193,457,155,302,215,75,140,114,47,67,NC,5
1856,199582,1108,598,510,0,0,0,12,9,3,931,510,421,43,22,21,1,1,0,36,13,23,6,4,2,47,27,20,32,12,20,NC,5
1857,199607,650,24,626,1,0,1,10,1,9,108,3,105,100,0,100,0,0,0,340,17,323,33,0,33,58,3,55,0,0,0,NC,5
1858,199625,2282,716,1566,42,11,31,12,3,9,448,121,327,555,186,369,4,2,2,1086,362,724,67,16,51,32,8,24,36,7,29,NC,5
1859,199634,5134,1919,3215,140,40,100,64,25,39,841,273,568,615,224,391,9,4,5,2776,1099,1677,223,67,156,432,173,259,34,14,20,NC,5
1860,199643,1240,500,740,4,3,1,37,18,19,726,305,421,33,12,21,6,1,5,15,3,12,189,62,127,170,64,106,60,32,28,NC,5
1861,199698,912,359,553,18,8,10,9,7,2,154,111,43,33,24,9,0,0,0,247,90,157,23,12,11,333,33,300,95,74,21,NC,5
1862,199722,1941,627,1314,106,29,77,7,4,3,382,94,288,119,37,82,3,2,1,1180,411,769,63,22,41,76,26,50,5,2,3,NC,5
1863,199731,3149,1200,1949,278,85,193,35,16,19,59,26,33,264,114,150,6,1,5,2355,900,1455,92,37,55,33,11,22,27,10,17,NC,5
1864,199740,3721,1031,2690,24,4,20,94,36,58,667,123,544,150,43,107,3,2,1,2374,697,1677,80,24,56,292,99,193,37,3,34,NC,5
1865,199759,628,432,196,7,6,1,21,19,2,61,52,9,36,23,13,0,0,0,489,319,170,0,0,0,12,11,1,2,2,0,NC,5
1866,199768,4775,1760,3015,16,9,7,28,13,15,158,40,118,748,258,490,2,0,2,3574,1345,2229,90,28,62,155,64,91,4,3,1,NC,5
1867,199786,6359,2460,3899,27,10,17,120,45,75,1172,374,798,1071,447,624,6,3,3,3406,1379,2027,215,65,150,176,81,95,166,56,110,NC,5
1868,199795,1730,642,1088,27,11,16,12,2,10,27,17,10,67,24,43,3,0,3,1522,561,961,41,16,25,26,8,18,5,3,2,NC,5
1869,199838,4070,1353,2717,52,19,33,50,18,32,1283,366,917,326,113,213,7,4,3,1884,660,1224,109,39,70,312,112,200,47,22,25,NC,5
1870,199847,5445,2581,2864,4,2,2,183,92,91,351,159,192,403,180,223,1,1,0,3738,1766,1972,204,100,104,23,14,9,538,267,271,NC,5
1871,199856,30125,13131,16994,124,49,75,1487,654,833,6787,2384,4403,3852,1605,2247,57,17,40,15012,7195,7817,961,406,555,1075,498,577,770,323,447,NC,5
1872,199865,748,243,505,8,5,3,5,0,5,47,15,32,60,19,41,0,0,0,561,184,377,37,7,30,9,3,6,21,10,11,NC,5
1873,199892,4210,1577,2633,18,5,13,65,28,37,945,278,667,668,253,415,10,3,7,2278,923,1355,125,46,79,61,29,32,40,12,28,NC,5
1874,199908,2624,982,1642,11,1,10,167,83,84,154,55,99,218,77,141,3,2,1,2047,754,1293,1,0,1,2,1,1,21,9,12,NC,5
1875,199926,3375,1404,1971,8,3,5,20,8,12,88,31,57,333,137,196,1,0,1,2602,1058,1544,67,28,39,230,131,99,26,8,18,NC,5
1876,199953,2789,842,1947,20,9,11,39,16,23,1037,227,810,318,117,201,0,0,0,1188,420,768,51,14,37,94,27,67,42,12,30,NC,5
1877,199962,2954,1156,1798,12,4,8,63,25,38,602,273,329,194,58,136,4,1,3,1574,593,981,240,86,154,145,44,101,120,72,48,NC,5
1878,199971,60,45,15,0,0,0,0,0,0,57,42,15,1,1,0,0,0,0,1,1,0,1,1,0,0,0,0,0,0,0,NC,5
1879,199999,5286,1386,3900,19,4,15,45,11,34,3701,1029,2672,206,52,154,2,2,0,602,124,478,195,45,150,444,102,342,72,17,55,NC,5
1880,200004,11696,5216,6480,102,39,63,135,67,68,630,292,338,835,398,437,6,4,2,9151,4052,5099,420,169,251,197,79,118,220,116,104,NC,5
1881,200013,1005,168,837,30,4,26,22,7,15,117,40,77,45,5,40,0,0,0,601,97,504,28,2,26,162,13,149,0,0,0,ND,4
1882,200022,4855,2699,2156,78,43,35,37,18,19,135,93,42,210,139,71,5,3,2,4151,2274,1877,189,93,96,36,25,11,14,11,3,ND,4
1883,200059,1583,608,975,23,11,12,18,8,10,53,28,25,102,47,55,3,2,1,1234,450,784,50,23,27,46,17,29,54,22,32,ND,4
1884,200086,311,117,194,229,79,150,12,3,9,5,3,2,5,1,4,1,0,1,24,14,10,33,17,16,2,0,2,0,0,0,ND,4
1885,200156,965,518,447,1,0,1,6,3,3,56,39,17,90,60,30,4,2,2,686,329,357,28,17,11,13,3,10,81,65,16,ND,4
1886,200192,2978,1248,1730,62,15,47,31,13,18,96,49,47,122,37,85,3,2,1,2381,973,1408,140,61,79,30,21,9,113,77,36,ND,4
1887,200208,269,119,150,236,103,133,0,0,0,5,5,0,2,2,0,0,0,0,24,8,16,1,1,0,0,0,0,1,0,1,ND,4
1888,200217,2936,1160,1776,53,15,38,49,19,30,57,40,17,142,68,74,7,3,4,2291,862,1429,66,25,41,266,127,139,5,1,4,ND,4
1889,200226,1667,582,1085,16,7,9,13,4,9,76,51,25,94,48,46,6,3,3,1344,407,937,60,25,35,18,10,8,40,27,13,ND,4
1890,200253,3332,1353,1979,62,19,43,41,28,13,163,78,85,285,123,162,13,4,9,2281,876,1405,163,71,92,34,22,12,290,132,158,ND,4
1891,200280,12954,7436,5518,133,49,84,232,141,91,289,196,93,524,312,212,7,4,3,8763,4831,3932,513,292,221,1547,882,665,946,729,217,ND,4
1892,200305,3669,1884,1785,27,14,13,47,20,27,251,144,107,92,41,51,1,0,1,3065,1576,1489,131,61,70,27,16,11,28,12,16,ND,4
1893,200314,1302,500,802,40,5,35,9,4,5,110,70,40,73,28,45,3,1,2,898,308,590,81,27,54,39,28,11,49,29,20,ND,4
1894,200332,11626,6161,5465,73,26,47,175,85,90,324,188,136,323,145,178,7,4,3,9956,5309,4647,429,217,212,150,88,62,189,99,90,ND,4
1895,200341,1577,556,1021,16,6,10,16,6,10,60,21,39,131,45,86,3,0,3,1138,392,746,103,28,75,37,20,17,73,38,35,ND,4
1896,200466,342,111,231,304,105,199,0,0,0,1,0,1,1,0,1,0,0,0,36,6,30,0,0,0,0,0,0,0,0,0,ND,4
1897,200484,184,100,84,2,0,2,1,0,1,9,7,2,11,8,3,0,0,0,149,76,73,9,6,3,3,3,0,0,0,0,ND,4
1898,200527,737,318,419,713,304,409,0,0,0,1,1,0,2,2,0,0,0,0,21,11,10,0,0,0,0,0,0,0,0,0,ND,4
1899,200554,507,221,286,475,205,270,0,0,0,10,7,3,0,0,0,0,0,0,18,9,9,0,0,0,0,0,0,4,0,4,ND,4
1900,200572,1850,739,1111,26,8,18,13,2,11,44,34,10,86,49,37,7,4,3,1546,591,955,73,32,41,23,9,14,32,10,22,ND,4
1901,200785,905,123,782,3,0,3,6,1,5,331,39,292,25,7,18,2,0,2,372,62,310,24,2,22,142,12,130,0,0,0,OH,3
1902,200800,16404,8564,7840,25,14,11,550,278,272,1662,712,950,514,258,256,4,2,2,12335,6623,5712,713,309,404,254,152,102,347,216,131,OH,3
1903,200846,1946,822,1124,5,1,4,35,17,18,85,50,35,59,26,33,0,0,0,1654,686,968,56,23,33,38,10,28,14,9,5,OH,3
1904,200873,84,35,49,1,0,1,0,0,0,0,0,0,0,0,0,2,1,1,81,34,47,0,0,0,0,0,0,0,0,0,OH,3
1905,201061,222,62,160,0,0,0,3,2,1,34,11,23,13,3,10,0,0,0,155,42,113,12,3,9,4,0,4,1,1,0,OH,3
1906,201104,4074,1671,2403,17,8,9,36,7,29,413,274,139,141,49,92,7,3,4,3059,1143,1916,80,36,44,240,100,140,81,51,30,OH,3
1907,201177,396,39,357,6,1,5,3,0,3,15,0,15,8,1,7,0,0,0,338,31,307,11,5,6,15,1,14,0,0,0,OH,3
1908,201195,3179,1456,1723,6,2,4,47,11,36,268,131,137,197,91,106,1,1,0,2435,1119,1316,154,74,80,18,12,6,53,15,38,OH,3
1909,201283,1138,414,724,2,0,2,2,1,1,12,4,8,10,5,5,1,0,1,1066,388,678,44,16,28,1,0,1,0,0,0,OH,3
1910,201371,763,427,336,4,3,1,4,2,2,86,71,15,26,17,9,0,0,0,563,286,277,26,19,7,29,15,14,25,14,11,OH,3
1911,201432,2679,954,1725,10,6,4,20,4,16,202,78,124,176,53,123,3,2,1,2103,748,1355,100,31,69,62,31,31,3,1,2,OH,3
1912,201441,17380,7734,9646,28,14,14,213,84,129,1273,577,696,765,336,429,9,7,2,13573,5954,7619,552,226,326,399,202,197,568,334,234,OH,3
1913,201469,1197,209,988,4,2,2,10,1,9,539,108,431,89,12,77,4,1,3,466,68,398,67,12,55,18,5,13,0,0,0,OH,3
1914,201548,2800,1067,1733,5,2,3,63,20,43,268,101,167,117,45,72,3,2,1,2092,797,1295,157,60,97,50,20,30,45,20,25,OH,3
1915,201645,5520,2980,2540,12,7,5,1163,547,616,256,107,149,473,262,211,4,2,2,2478,1380,1098,289,154,135,77,41,36,768,480,288,OH,3
1916,201654,4241,1949,2292,8,3,5,113,47,66,60,25,35,40,22,18,0,0,0,3767,1735,2032,118,47,71,60,25,35,75,45,30,OH,3
1917,201672,5209,1743,3466,8,4,4,165,70,95,602,177,425,170,54,116,2,1,1,3322,1062,2260,277,88,189,655,287,368,8,0,8,OH,3
1918,201690,2421,926,1495,9,1,8,15,8,7,2010,784,1226,66,12,54,0,0,0,155,48,107,55,27,28,3,0,3,108,46,62,OH,3
1919,201751,358,78,280,2,0,2,2,0,2,146,20,126,8,4,4,0,0,0,196,51,145,4,3,1,0,0,0,0,0,0,OH,3
1920,201821,1188,88,1100,2,0,2,17,1,16,140,3,137,28,3,25,1,0,1,923,76,847,25,3,22,52,2,50,0,0,0,OH,3
1921,201867,121,31,90,0,0,0,0,0,0,4,1,3,1,1,0,0,0,0,109,27,82,3,0,3,4,2,2,0,0,0,OH,3
1922,201885,32766,16313,16453,38,17,21,1440,668,772,2369,989,1380,1145,542,603,12,4,8,23834,12107,11727,1295,579,716,917,306,611,1716,1101,615,OH,3
1923,201928,12190,5214,6976,36,13,23,360,163,197,2836,871,1965,354,148,206,13,5,8,6824,3182,3642,508,183,325,998,513,485,261,136,125,OH,3
1924,201946,11845,5531,6314,15,6,9,422,179,243,815,357,458,370,167,203,6,1,5,9133,4322,4811,462,216,246,358,124,234,264,159,105,OH,3
1925,201955,8817,3532,5285,15,6,9,389,163,226,1473,546,927,420,170,250,5,2,3,5760,2348,3412,447,168,279,174,64,110,134,65,69,OH,3
1926,201964,2970,1083,1887,15,4,11,19,10,9,672,215,457,76,38,38,1,0,1,1564,594,970,68,20,48,550,197,353,5,5,0,OH,3
1927,201973,8216,2896,5320,14,4,10,90,26,64,1232,330,902,76,28,48,7,4,3,6134,2237,3897,435,156,279,165,78,87,63,33,30,OH,3
1928,202046,661,202,459,2,0,2,21,3,18,67,22,45,50,18,32,1,1,0,437,138,299,36,7,29,12,1,11,35,12,23,OH,3
1929,202073,232,119,113,0,0,0,26,10,16,6,6,0,21,13,8,0,0,0,88,53,35,19,9,10,17,7,10,55,21,34,OH,3
1930,202134,13499,6113,7386,25,11,14,481,233,248,2055,718,1337,917,390,527,15,6,9,8592,3947,4645,524,220,304,211,99,112,679,489,190,OH,3
1931,202170,1086,340,746,0,0,0,29,3,26,91,34,57,74,31,43,9,0,9,726,219,507,69,18,51,24,10,14,64,25,39,OH,3
1932,202222,46782,20728,26054,149,60,89,2355,1075,1280,9033,3599,5434,1392,570,822,53,29,24,25890,11778,14112,2685,1069,1616,4101,2058,2043,1124,490,634,OH,3
1933,202356,34407,14763,19644,126,55,71,981,399,582,8285,2867,5418,2313,905,1408,0,0,0,18941,8938,10003,1550,597,953,1637,761,876,574,241,333,OH,3
1934,202435,109,19,90,0,0,0,0,0,0,63,11,52,6,0,6,0,0,0,31,4,27,3,0,3,1,0,1,5,4,1,OH,3
1935,202480,8750,4592,4158,2,1,1,122,55,67,323,161,162,503,263,240,3,0,3,6944,3542,3402,272,141,131,85,52,33,496,377,119,OH,3
1936,202514,540,298,242,7,5,2,5,4,1,89,75,14,48,31,17,0,0,0,352,162,190,22,14,8,13,6,7,4,1,3,OH,3
1937,202523,2432,1139,1293,1,1,0,91,39,52,142,66,76,194,96,98,1,1,0,1505,689,816,82,37,45,78,45,33,338,165,173,OH,3
1938,202648,4691,1754,2937,10,1,9,51,22,29,127,50,77,87,28,59,9,3,6,4194,1561,2633,114,45,69,91,39,52,8,5,3,OH,3
1939,202763,3650,1304,2346,8,3,5,57,21,36,107,75,32,125,46,79,2,1,1,2541,803,1738,57,23,34,622,258,364,131,74,57,OH,3
1940,202806,6608,3043,3565,64,26,38,134,71,63,963,437,526,208,99,109,5,1,4,3811,1744,2067,192,87,105,1176,549,627,55,29,26,OH,3
1941,202903,429,238,191,1,0,1,7,4,3,21,11,10,15,7,8,2,2,0,346,197,149,13,5,8,0,0,0,24,12,12,OH,3
1942,202912,354,20,334,0,0,0,6,0,6,45,2,43,4,0,4,0,0,0,282,18,264,10,0,10,7,0,7,0,0,0,OH,3
1943,203085,1138,569,569,1,0,1,7,1,6,95,75,20,48,24,24,1,0,1,906,430,476,41,17,24,23,16,7,16,6,10,OH,3
1944,203128,1416,590,826,4,2,2,15,5,10,180,81,99,69,32,37,2,0,2,586,240,346,34,16,18,513,206,307,13,8,5,OH,3
1945,203155,4323,2056,2267,9,5,4,39,13,26,476,320,156,97,50,47,4,2,2,3448,1536,1912,148,77,71,83,47,36,19,6,13,OH,3
1946,203289,117,89,28,0,0,0,0,0,0,41,31,10,4,4,0,1,1,0,65,49,16,6,4,2,0,0,0,0,0,0,OH,3
1947,203331,40637,13141,27496,184,55,129,825,274,551,8499,2284,6215,7004,2180,4824,215,53,162,21547,7545,14002,1824,556,1268,539,194,345,0,0,0,OH,3
1948,203368,3185,1702,1483,3,2,1,86,42,44,144,66,78,128,57,71,0,0,0,2662,1448,1214,58,30,28,47,28,19,57,29,28,OH,3
1949,203386,2857,196,2661,8,1,7,52,9,43,1163,64,1099,62,6,56,0,0,0,1421,104,1317,0,0,0,151,12,139,0,0,0,OH,3
1950,203447,3407,1150,2257,9,2,7,55,25,30,210,64,146,150,64,86,5,2,3,2726,895,1831,121,43,78,87,40,47,44,15,29,OH,3
1951,203456,2218,670,1548,8,2,6,32,8,24,115,27,88,79,25,54,1,0,1,1809,547,1262,67,19,48,77,30,47,30,12,18,OH,3
1952,203465,6664,2507,4157,13,5,8,77,27,50,377,122,255,206,81,125,3,2,1,5459,2038,3421,235,83,152,236,116,120,58,33,25,OH,3
1953,203474,3715,1353,2362,5,0,5,40,15,25,246,72,174,113,45,68,2,1,1,3018,1091,1927,140,51,89,121,57,64,30,21,9,OH,3
1954,203483,2916,1231,1685,8,4,4,33,8,25,128,62,66,73,38,35,1,1,0,2471,1021,1450,86,33,53,88,39,49,28,25,3,OH,3
1955,203492,2475,728,1747,3,2,1,34,14,20,87,20,67,87,29,58,2,1,1,2072,590,1482,59,16,43,117,48,69,14,8,6,OH,3
1956,203517,25459,9751,15708,31,10,21,483,179,304,2233,774,1459,979,377,602,20,4,16,19112,7216,11896,931,334,597,714,342,372,956,515,441,OH,3
1957,203526,3670,1318,2352,6,2,4,77,26,51,397,123,274,113,37,76,2,1,1,2827,1005,1822,117,54,63,95,53,42,36,17,19,OH,3
1958,203535,1832,822,1010,0,0,0,62,28,34,57,23,34,126,53,73,0,0,0,1301,573,728,87,46,41,31,14,17,168,85,83,OH,3
1959,203544,873,134,739,3,0,3,24,5,19,63,18,45,20,5,15,5,0,5,669,92,577,20,2,18,54,7,47,15,5,10,OH,3
1960,203580,922,452,470,2,1,1,8,1,7,119,98,21,52,24,28,3,2,1,633,255,378,42,27,15,27,16,11,36,28,8,OH,3
1961,203599,8735,3410,5325,28,8,20,133,63,70,1082,281,801,395,167,228,7,3,4,6554,2669,3885,257,102,155,263,110,153,16,7,9,OH,3
1962,203678,4832,1706,3126,9,5,4,38,16,22,251,72,179,37,11,26,4,2,2,3778,1303,2475,114,36,78,601,261,340,0,0,0,OH,3
1963,203748,13395,5161,8234,48,15,33,173,67,106,1267,414,853,1427,521,906,14,4,10,9648,3828,5820,580,213,367,163,71,92,75,28,47,OH,3
1964,203757,1228,451,777,3,0,3,6,3,3,149,60,89,116,45,71,2,1,1,800,283,517,48,15,33,93,34,59,11,10,1,OH,3
1965,203775,1367,533,834,2,0,2,16,5,11,108,40,68,34,11,23,0,0,0,1042,400,642,42,19,23,107,47,60,16,11,5,OH,3
1966,203845,1307,716,591,1,1,0,11,3,8,50,46,4,31,19,12,0,0,0,994,507,487,59,26,33,52,31,21,109,83,26,OH,3
1967,203881,3284,1532,1752,17,11,6,26,12,14,301,246,55,75,46,29,0,0,0,2496,1041,1455,139,60,79,230,116,114,0,0,0,OH,3
1968,203960,1718,232,1486,5,0,5,34,14,20,198,19,179,115,10,105,1,1,0,1295,180,1115,64,7,57,6,1,5,0,0,0,OH,3
1969,204006,3146,1508,1638,6,3,3,90,53,37,316,154,162,163,65,98,4,3,1,2304,1089,1215,123,50,73,60,32,28,80,59,21,OH,3
1970,204015,2282,1079,1203,6,3,3,57,28,29,86,38,48,74,28,46,1,0,1,1528,643,885,88,30,58,52,32,20,390,277,113,OH,3
1971,204024,18113,9127,8986,28,16,12,617,304,313,664,334,330,914,439,475,13,5,8,12977,6384,6593,694,311,383,133,77,56,2073,1257,816,OH,3
1972,204176,875,101,774,4,1,3,33,7,26,128,11,117,15,1,14,1,0,1,653,76,577,32,3,29,9,2,7,0,0,0,OH,3
1973,204185,2095,1081,1014,8,5,3,16,6,10,156,115,41,81,55,26,3,2,1,1641,793,848,88,53,35,59,25,34,43,27,16,OH,3
1974,204194,2446,942,1504,8,3,5,13,6,7,91,41,50,69,31,38,2,2,0,2075,781,1294,88,37,51,82,26,56,18,15,3,OH,3
1975,204200,1571,636,935,2,1,1,9,1,8,146,64,82,34,21,13,1,0,1,1237,497,740,48,27,21,93,25,68,1,0,1,OH,3
1976,204255,2910,1244,1666,13,5,8,25,5,20,55,23,32,37,14,23,4,4,0,2506,1088,1418,88,29,59,182,76,106,0,0,0,OH,3
1977,204264,1768,754,1014,4,0,4,18,9,9,87,58,29,47,27,20,0,0,0,1376,555,821,49,18,31,142,63,79,45,24,21,OH,3
1978,204422,3708,1460,2248,1,1,0,24,8,16,145,55,90,114,43,71,4,2,2,3211,1272,1939,141,49,92,58,24,34,10,6,4,OH,3
1979,204440,5844,4126,1718,29,20,9,22,9,13,118,88,30,355,199,156,2,1,1,3420,2155,1265,42,24,18,1855,1630,225,1,0,1,OH,3
1980,204468,1758,825,933,3,1,2,16,7,9,489,251,238,83,49,34,3,2,1,1003,428,575,55,27,28,81,37,44,25,23,2,OH,3
1981,204486,3981,3328,653,16,14,2,14,13,1,147,116,31,143,123,20,5,4,1,2796,2328,468,0,0,0,735,647,88,125,83,42,OH,3
1982,204501,3038,1265,1773,0,0,0,129,50,79,166,81,85,253,106,147,1,0,1,1836,757,1079,246,93,153,29,8,21,378,170,208,OH,3
1983,204608,770,688,82,7,5,2,3,3,0,145,130,15,60,53,7,1,0,1,517,467,50,35,28,7,2,2,0,0,0,0,OH,3
1984,204617,1304,556,748,12,6,6,19,10,9,337,149,188,68,20,48,0,0,0,679,294,385,70,29,41,85,31,54,34,17,17,OH,3
1985,204635,2276,1225,1051,5,3,2,36,14,22,70,51,19,15,7,8,4,3,1,1747,941,806,79,41,38,276,144,132,44,21,23,OH,3
1986,204662,628,319,309,1,1,0,1,1,0,10,6,4,16,7,9,1,1,0,567,288,279,15,6,9,16,8,8,1,1,0,OH,3
1987,204671,1194,526,668,0,0,0,29,13,16,76,32,44,41,20,21,0,0,0,964,414,550,52,28,24,28,16,12,4,3,1,OH,3
1988,204680,1305,582,723,1,1,0,31,20,11,105,47,58,47,17,30,0,0,0,1031,459,572,54,23,31,32,13,19,4,2,2,OH,3
1989,204699,1513,729,784,0,0,0,99,66,33,81,44,37,77,40,37,1,0,1,1152,529,623,53,26,27,45,20,25,5,4,1,OH,3
1990,204705,3307,1636,1671,4,3,1,159,80,79,532,269,263,155,83,72,2,1,1,2181,1059,1122,174,82,92,98,59,39,2,0,2,OH,3
1991,204796,49971,25494,24477,38,17,21,3827,1978,1849,3508,1517,1991,2399,1133,1266,30,18,12,32636,16803,15833,1998,915,1083,1469,866,603,4066,2247,1819,OH,3
1992,204802,1884,776,1108,5,1,4,15,3,12,77,41,36,33,14,19,0,0,0,1644,674,970,65,24,41,32,12,20,13,7,6,OH,3
1993,204820,3545,1274,2271,9,3,6,24,6,18,145,56,89,70,26,44,2,0,2,3084,1099,1985,146,52,94,51,25,26,14,7,7,OH,3
1994,204839,3959,1409,2550,9,4,5,23,5,18,155,68,87,69,27,42,1,0,1,3460,1216,2244,143,55,88,70,26,44,29,8,21,OH,3
1995,204848,4402,1781,2621,13,7,6,32,13,19,210,88,122,101,37,64,1,1,0,3752,1499,2253,166,67,99,78,37,41,49,32,17,OH,3
1996,204857,23910,9062,14848,40,14,26,397,116,281,1412,514,898,860,315,545,20,7,13,19386,7354,12032,879,322,557,480,192,288,436,228,208,OH,3
1997,204866,3233,990,2243,3,3,0,21,9,12,122,52,70,59,26,33,0,0,0,2824,831,1993,143,46,97,40,14,26,21,9,12,OH,3
1998,204909,1695,749,946,0,0,0,61,25,36,126,60,66,97,40,57,3,0,3,1180,519,661,79,34,45,32,11,21,117,60,57,OH,3
1999,204936,2713,1038,1675,6,2,4,80,27,53,214,87,127,121,35,86,1,1,0,2040,797,1243,138,45,93,105,43,62,8,1,7,OH,3
2000,204945,13866,7290,6576,42,26,16,145,71,74,1306,570,736,978,447,531,13,6,7,9726,5308,4418,371,138,233,1106,601,505,179,123,56,OH,3
2001,205027,67,67,0,0,0,0,4,4,0,1,1,0,15,15,0,0,0,0,42,42,0,1,1,0,0,0,0,4,4,0,OH,3
2002,205054,611,95,516,1,0,1,4,3,1,257,26,231,28,2,26,1,0,1,276,56,220,27,4,23,17,4,13,0,0,0,OH,3
2003,205124,36,36,0,0,0,0,0,0,0,0,0,0,0,0,0,0,0,0,36,36,0,0,0,0,0,0,0,0,0,0,OH,3
2004,205179,675,167,508,4,1,3,9,4,5,226,62,164,8,0,8,0,0,0,389,86,303,29,10,19,10,4,6,0,0,0,OH,3
2005,205203,2558,836,1722,9,5,4,7,2,5,70,29,41,27,14,13,0,0,0,1996,618,1378,10,5,5,428,155,273,11,8,3,OH,3
2006,205391,221,65,156,1,0,1,3,1,2,9,7,2,11,5,6,0,0,0,164,41,123,8,0,8,25,11,14,0,0,0,OH,3
2007,205443,4549,1963,2586,21,10,11,38,19,19,178,99,79,26,17,9,4,2,2,3764,1584,2180,118,55,63,357,152,205,43,25,18,OH,3
2008,205470,32704,14304,18400,232,114,118,975,419,556,4685,1936,2749,1368,584,784,49,20,29,21765,9299,12466,1376,569,807,1628,997,631,626,366,260,OH,3
2009,205559,172,22,150,0,0,0,2,0,2,101,13,88,5,1,4,0,0,0,43,4,39,7,0,7,10,3,7,4,1,3,OH,3
2010,205841,15027,6220,8807,60,23,37,390,167,223,2128,734,1394,296,127,169,26,11,15,11044,4722,6322,521,187,334,556,246,310,6,3,3,OH,3
2011,205887,1055,128,927,2,0,2,2,0,2,291,44,247,53,6,47,0,0,0,681,76,605,24,2,22,2,0,2,0,0,0,OH,3
2012,205957,2524,1039,1485,5,3,2,58,24,34,20,7,13,383,154,229,3,3,0,1921,796,1125,51,17,34,53,16,37,30,19,11,OH,3
2013,205966,3303,1135,2168,8,2,6,10,2,8,49,23,26,40,15,25,3,2,1,3056,1044,2012,72,25,47,65,22,43,0,0,0,OH,3
2014,206011,2916,1415,1501,13,7,6,11,7,4,428,108,320,112,35,77,4,2,2,2107,1119,988,16,8,8,224,128,96,1,1,0,OH,3
2015,206048,2644,1313,1331,1,0,1,20,9,11,354,202,152,90,42,48,0,0,0,1230,549,681,39,13,26,693,320,373,217,178,39,OH,3
2016,206084,17328,8619,8709,24,17,7,430,197,233,1762,708,1054,914,402,512,15,10,5,11744,5954,5790,694,300,394,762,385,377,983,646,337,OH,3
2017,206154,32,22,10,0,0,0,2,2,0,10,4,6,1,1,0,1,1,0,18,14,4,0,0,0,0,0,0,0,0,0,OH,3
2018,206279,926,460,466,3,2,1,13,11,2,147,54,93,282,119,163,8,7,1,317,179,138,28,16,12,128,72,56,0,0,0,OH,3
2019,206349,758,51,707,0,0,0,18,3,15,175,5,170,11,0,11,3,1,2,463,34,429,40,3,37,33,3,30,15,2,13,OH,3
2020,206394,186,38,148,0,0,0,0,0,0,48,13,35,11,3,8,0,0,0,120,22,98,4,0,4,3,0,3,0,0,0,OH,3
2021,206437,2243,944,1299,6,3,3,14,6,8,128,68,60,72,32,40,0,0,0,1125,442,683,51,25,26,713,285,428,134,83,51,OH,3
2022,206446,2496,915,1581,13,7,6,11,2,9,37,18,19,38,17,21,4,2,2,2314,836,1478,43,17,26,36,16,20,0,0,0,OH,3
2023,206491,605,254,351,0,0,0,0,0,0,582,246,336,0,0,0,0,0,0,17,6,11,4,2,2,2,0,2,0,0,0,OH,3
2024,206507,1320,617,703,6,1,5,11,3,8,146,95,51,32,20,12,0,0,0,985,425,560,53,28,25,66,27,39,21,18,3,OH,3
2025,206525,1635,748,887,2,1,1,23,6,17,161,91,70,63,33,30,0,0,0,1242,549,693,91,42,49,29,13,16,24,13,11,OH,3
2026,206589,2128,971,1157,2,1,1,77,28,49,177,84,93,132,55,77,0,0,0,1282,573,709,87,43,44,19,7,12,352,180,172,OH,3
2027,206604,10865,5072,5793,18,10,8,353,162,191,1198,439,759,402,188,214,9,8,1,7984,3817,4167,553,234,319,79,35,44,269,179,90,OH,3
2028,206613,2201,943,1258,4,0,4,27,15,12,115,53,62,76,33,43,2,1,1,1895,799,1096,54,24,30,8,4,4,20,14,6,OH,3
2029,206622,5473,2456,3017,7,5,2,165,58,107,530,219,311,312,153,159,9,6,3,4097,1862,2235,201,75,126,72,39,33,80,39,41,OH,3
2030,206695,12192,5535,6657,16,7,9,181,79,102,1122,445,677,553,207,346,3,2,1,9012,4116,4896,460,207,253,478,229,249,367,243,124,OH,3
2031,206817,314,155,159,200,84,116,5,1,4,32,26,6,9,9,0,0,0,0,33,15,18,5,3,2,21,10,11,9,7,2,OK,6
2032,206835,1185,509,676,73,22,51,2,1,1,86,33,53,61,31,30,4,2,2,641,250,391,84,37,47,173,92,81,61,41,20,OK,6
2033,206862,2019,957,1062,76,35,41,22,8,14,285,151,134,273,134,139,4,2,2,1144,532,612,143,61,82,38,17,21,34,17,17,OK,6
2034,206914,4369,1620,2749,257,77,180,75,30,45,524,192,332,643,260,383,17,2,15,2101,750,1351,476,175,301,174,65,109,102,69,33,OK,6
2035,206923,2401,741,1660,349,123,226,17,4,13,55,19,36,197,73,124,3,2,1,1227,355,872,527,155,372,10,3,7,16,7,9,OK,6
2036,206941,15627,6256,9371,515,197,318,614,272,342,1335,535,800,1862,665,1197,21,12,9,8445,3369,5076,1585,618,967,550,222,328,700,366,334,OK,6
2037,206996,2727,861,1866,623,180,443,14,5,9,193,87,106,162,62,100,0,0,0,1221,368,853,476,134,342,7,4,3,31,21,10,OK,6
2038,207041,3497,1475,2022,557,214,343,21,7,14,170,121,49,179,67,112,8,4,4,1952,747,1205,134,49,85,117,54,63,359,212,147,OK,6
2039,207050,1829,599,1230,517,153,364,23,10,13,85,35,50,71,26,45,2,2,0,1035,337,698,23,8,15,72,27,45,1,1,0,OK,6
2040,207069,2495,875,1620,296,103,193,43,17,26,96,40,56,252,86,166,4,3,1,1657,574,1083,43,15,28,96,36,60,8,1,7,OK,6
2041,207157,379,215,164,30,15,15,2,2,0,40,28,12,94,45,49,1,1,0,176,102,74,11,7,4,9,8,1,16,7,9,OK,6
2042,207209,2371,891,1480,170,42,128,19,4,15,1637,616,1021,31,12,19,1,0,1,149,37,112,89,30,59,240,125,115,35,25,10,OK,6
2043,207236,2692,842,1850,121,30,91,19,6,13,62,21,41,224,64,160,2,1,1,1382,397,985,620,180,440,26,8,18,236,135,101,OK,6
2044,207254,880,804,76,35,28,7,14,14,0,72,66,6,134,116,18,8,8,0,376,347,29,44,38,6,117,107,10,80,80,0,OK,6
2045,207263,7479,2780,4699,1444,500,944,164,52,112,327,145,182,445,163,282,8,3,5,3614,1303,2311,1258,481,777,62,26,36,157,107,50,OK,6
2046,207281,5599,2143,3456,956,320,636,56,22,34,321,164,157,512,197,315,14,1,13,3465,1307,2158,176,69,107,37,17,20,62,46,16,OK,6
2047,207290,2285,1086,1199,289,118,171,17,10,7,168,143,25,148,80,68,6,4,2,1133,492,641,372,166,206,85,25,60,67,48,19,OK,6
2048,207306,1971,775,1196,157,62,95,12,6,6,124,85,39,204,81,123,6,4,2,1206,449,757,34,14,20,213,64,149,15,10,5,OK,6
2049,207324,1914,928,986,37,16,21,53,25,28,135,72,63,135,67,68,2,0,2,1387,674,713,151,69,82,14,5,9,0,0,0,OK,6
2050,207342,970,103,867,34,1,33,61,15,46,34,4,30,95,11,84,0,0,0,635,63,572,23,1,22,85,8,77,3,0,3,OK,6
2051,207351,1472,664,808,91,26,65,18,8,10,109,92,17,412,194,218,1,1,0,769,294,475,22,12,10,10,5,5,40,32,8,OK,6
2052,207388,21688,10965,10723,978,425,553,445,240,205,929,433,496,1791,865,926,22,8,14,14614,7420,7194,2059,996,1063,18,11,7,832,567,265,OK,6
2053,207397,7161,2666,4495,329,118,211,222,89,133,718,216,502,1383,481,902,12,4,8,3885,1521,2364,480,175,305,103,46,57,29,16,13,OK,6
2054,207403,1815,726,1089,89,31,58,12,2,10,109,69,40,53,23,30,2,1,1,1230,473,757,222,70,152,42,23,19,56,34,22,OK,6
2055,207449,17240,6603,10637,719,288,431,721,339,382,1313,469,844,2659,955,1704,31,9,22,9016,3465,5551,1605,582,1023,0,0,0,1176,496,680,OK,6
2056,207458,1753,576,1177,46,21,25,38,14,24,103,47,56,196,62,134,0,0,0,1078,315,763,160,57,103,5,2,3,127,58,69,OK,6
2057,207500,23736,11636,12100,885,396,489,1560,801,759,1103,543,560,2529,1209,1320,29,15,14,14031,6913,7118,2156,1008,1148,409,190,219,1034,561,473,OK,6
2058,207564,3024,1950,1074,386,241,145,22,11,11,100,54,46,217,154,63,1,0,1,1444,973,471,722,442,280,97,47,50,35,28,7,OK,6
2059,207582,4142,1675,2467,115,43,72,87,35,52,611,265,346,476,170,306,21,6,15,1581,627,954,177,67,110,575,219,356,499,243,256,OK,6
2060,207661,4226,1587,2639,579,179,400,77,30,47,158,64,94,275,100,175,5,2,3,2345,906,1439,662,246,416,52,23,29,73,37,36,OK,6
2061,207670,9426,3530,5896,467,183,284,280,127,153,1434,463,971,659,218,441,19,7,12,5029,1959,3070,1073,361,712,450,205,245,15,7,8,OK,6
2062,207722,893,328,565,53,18,35,5,1,4,44,15,29,104,49,55,1,1,0,478,139,339,104,31,73,23,10,13,81,64,17,OK,6
2063,207740,1925,597,1328,461,147,314,10,2,8,138,54,84,115,26,89,8,2,6,1155,349,806,8,2,6,18,7,11,12,8,4,OK,6
2064,207847,3721,1680,2041,473,174,299,25,17,8,162,109,53,276,126,150,3,1,2,2026,897,1129,698,319,379,0,0,0,58,37,21,OK,6
2065,207856,522,281,241,28,13,15,6,4,2,125,75,50,59,27,32,5,1,4,210,98,112,16,6,10,3,2,1,70,55,15,OK,6
2066,207865,4712,1817,2895,164,54,110,96,36,60,203,123,80,548,194,354,7,1,6,2980,1083,1897,402,164,238,137,55,82,175,107,68,OK,6
2067,207935,22569,8563,14006,1485,509,976,952,416,536,1810,614,1196,2532,916,1616,26,5,21,11872,4561,7311,2544,893,1651,851,422,429,497,227,270,OK,6
2068,207971,3374,1815,1559,100,46,54,194,96,98,233,141,92,288,147,141,2,0,2,1807,936,871,260,118,142,55,28,27,435,303,132,OK,6
2069,208035,1737,633,1104,30,13,17,18,7,11,126,54,72,340,145,195,2,1,1,963,330,633,168,53,115,90,30,60,0,0,0,OK,6
2070,208275,2983,1205,1778,79,34,45,18,10,8,19,11,8,944,360,584,15,8,7,1722,703,1019,99,49,50,86,29,57,1,1,0,OR,8
2071,208318,7713,3513,4200,134,50,84,110,42,68,48,29,19,924,361,563,37,20,17,5136,2383,2753,308,140,168,1016,488,528,0,0,0,OR,8
2072,208390,15218,6590,8628,169,66,103,279,113,166,131,68,63,4332,1764,2568,80,36,44,5563,2372,3191,484,191,293,4109,1947,2162,71,33,38,OR,8
2073,208406,12295,6133,6162,124,69,55,421,196,225,219,128,91,1547,734,813,65,40,25,7721,3821,3900,671,323,348,1497,803,694,30,19,11,OR,8
2074,208415,1805,977,828,13,7,6,19,11,8,29,20,9,234,105,129,13,9,4,1024,541,483,70,38,32,403,246,157,0,0,0,OR,8
2075,208479,755,92,663,10,1,9,15,2,13,52,6,46,138,14,124,12,1,11,216,18,198,7,2,5,298,46,252,7,2,5,OR,8
2076,208646,4582,1801,2781,87,29,58,119,48,71,101,58,43,661,250,411,130,53,77,3035,1183,1852,195,68,127,182,77,105,72,35,37,OR,8
2077,208725,106,59,47,0,0,0,3,2,1,15,13,2,4,3,1,1,1,0,48,24,24,33,14,19,2,2,0,0,0,0,OR,8
2078,208822,2746,1155,1591,17,5,12,102,44,58,38,20,18,384,142,242,16,14,2,1902,801,1101,224,97,127,29,11,18,34,21,13,OR,8
2079,209038,14274,6661,7613,177,83,94,363,151,212,269,145,124,1992,853,1139,73,32,41,9019,4190,4829,818,370,448,1127,583,544,436,254,182,OR,8
2080,209056,1995,785,1210,7,1,6,85,28,57,55,31,24,249,99,150,11,6,5,1273,476,797,146,63,83,76,40,36,93,41,52,OR,8
2081,209065,1480,569,911,12,5,7,70,19,51,21,11,10,270,91,179,17,12,5,898,346,552,102,46,56,39,11,28,51,28,23,OR,8
2082,209074,9557,4014,5543,102,33,69,289,106,183,116,47,69,1092,446,646,33,14,19,5911,2564,3347,469,216,253,1341,455,886,204,133,71,OR,8
2083,209241,38,38,0,0,0,0,4,4,0,0,0,0,20,20,0,0,0,0,10,10,0,2,2,0,0,0,0,2,2,0,OR,8
2084,209250,13765,7734,6031,64,33,31,945,429,516,441,169,272,1827,768,1059,51,23,28,6007,2747,3260,777,330,447,3564,3188,376,89,47,42,OR,8
2085,209287,398,207,191,3,2,1,12,8,4,15,11,4,60,32,28,6,1,5,273,135,138,20,12,8,8,5,3,1,1,0,OR,8
2086,209296,38,1,37,0,0,0,0,0,0,0,0,0,5,0,5,1,0,1,27,0,27,2,0,2,2,1,1,1,0,1,OR,8
2087,209409,835,353,482,19,4,15,19,8,11,35,15,20,27,13,14,8,3,5,483,179,304,70,28,42,13,6,7,161,97,64,OR,8
2088,209490,939,178,761,2,0,2,36,4,32,19,10,9,145,28,117,8,1,7,649,116,533,55,14,41,21,5,16,4,0,4,OR,8
2089,209506,7894,3715,4179,85,37,48,631,305,326,139,71,68,946,405,541,34,17,17,5106,2412,2694,407,184,223,395,182,213,151,102,49,OR,8
2090,209542,30839,16269,14570,173,81,92,2321,1319,1002,487,274,213,3265,1584,1681,78,48,30,18905,9628,9277,2144,1056,1088,971,567,404,2495,1712,783,OR,8
2091,209551,20402,9396,11006,118,47,71,1283,543,740,497,263,234,2730,1163,1567,97,42,55,11964,5453,6511,1645,723,922,451,207,244,1617,955,662,OR,8
2092,209603,554,186,368,12,4,8,28,5,23,19,7,12,41,15,26,3,1,2,317,108,209,23,3,20,85,32,53,26,11,15,OR,8
2093,209612,1941,702,1239,12,3,9,222,76,146,36,20,16,315,113,202,30,11,19,930,336,594,229,92,137,121,36,85,46,15,31,OR,8
2094,209746,42938,19500,23438,286,120,166,3629,1563,2066,1930,917,1013,6081,2521,3560,260,119,141,23621,10917,12704,3047,1327,1720,3373,1678,1695,711,338,373,OR,8
2095,209807,24062,10980,13082,265,96,169,2137,1048,1089,909,453,456,3794,1512,2282,146,71,75,11583,5176,6407,1566,651,915,2382,1182,1200,1280,791,489,OR,8
2096,209825,4087,1625,2462,12,5,7,639,270,369,65,32,33,545,180,365,64,30,34,2191,868,1323,359,143,216,102,50,52,110,47,63,OR,8
2097,209922,1537,720,817,2,0,2,114,57,57,21,8,13,151,60,91,0,0,0,894,425,469,142,64,78,38,16,22,175,90,85,OR,8
2098,209940,7690,3055,4635,91,31,60,95,35,60,56,28,28,1419,519,900,43,22,21,5119,2079,3040,340,148,192,255,115,140,272,78,194,OR,8
2099,210146,6292,2343,3949,85,21,64,121,47,74,119,68,51,792,286,506,55,22,33,3768,1396,2372,499,200,299,761,249,512,92,54,38,OR,8
2100,210155,2900,1214,1686,85,33,52,41,13,28,41,28,13,336,147,189,23,12,11,1797,703,1094,151,68,83,393,189,204,33,21,12,OR,8
2101,210234,3021,1379,1642,23,8,15,19,7,12,42,32,10,739,300,439,10,4,6,1822,832,990,104,41,63,231,140,91,31,15,16,OR,8
2102,210270,3664,1402,2262,81,34,47,67,20,47,51,19,32,69,23,46,14,3,11,2882,1095,1787,203,85,118,294,121,173,3,2,1,OR,8
2103,210304,613,255,358,4,1,3,43,13,30,51,30,21,147,75,72,2,0,2,264,95,169,33,18,15,67,21,46,2,2,0,OR,8
2104,210331,1385,627,758,18,8,10,33,18,15,34,19,15,50,26,24,14,6,8,845,369,476,74,27,47,278,132,146,39,22,17,OR,8
2105,210401,2253,922,1331,15,4,11,112,40,72,28,14,14,294,118,176,6,1,5,1289,551,738,143,52,91,138,47,91,228,95,133,OR,8
2106,210429,4807,1769,3038,56,19,37,189,74,115,144,79,65,937,305,632,95,45,50,2832,1007,1825,190,79,111,138,75,63,226,86,140,OR,8
2107,210438,52,16,36,0,0,0,0,0,0,0,0,0,0,0,0,0,0,0,36,11,25,7,3,4,2,0,2,7,2,5,OR,8
2108,210492,304,146,158,2,1,1,8,2,6,47,17,30,15,4,11,1,1,0,167,90,77,2,1,1,49,20,29,13,10,3,PA,2
2109,210571,1936,781,1155,11,6,5,49,20,29,435,185,250,307,105,202,0,0,0,967,400,567,69,23,46,59,23,36,39,19,20,PA,2
2110,210605,24589,11458,13131,92,42,50,905,373,532,3696,1262,2434,798,313,485,17,5,12,14825,6823,8002,793,298,495,3460,2340,1120,3,2,1,PA,2
2111,210669,1843,807,1036,5,1,4,69,27,42,154,79,75,158,70,88,0,0,0,1255,529,726,80,34,46,51,22,29,71,45,26,PA,2
2112,210739,3302,1268,2034,3,1,2,95,23,72,154,55,99,357,118,239,0,0,0,2020,733,1287,83,36,47,585,297,288,5,5,0,PA,2
2113,210775,2606,768,1838,7,1,6,46,8,38,292,106,186,293,76,217,0,0,0,1789,523,1266,77,25,52,84,24,60,18,5,13,PA,2
2114,211024,731,360,371,1,0,1,13,9,4,42,32,10,44,21,23,0,0,0,512,285,227,21,11,10,97,1,96,1,1,0,PA,2
2115,211079,2796,1089,1707,9,3,6,20,6,14,212,82,130,61,25,36,0,0,0,2239,878,1361,99,33,66,153,61,92,3,1,2,PA,2
2116,211088,2335,779,1556,8,4,4,123,42,81,272,98,174,223,76,147,2,1,1,1350,425,925,100,28,72,193,66,127,64,39,25,PA,2
2117,211158,8678,3619,5059,27,16,11,104,43,61,580,285,295,662,280,382,7,4,3,6672,2737,3935,153,59,94,434,169,265,39,26,13,PA,2
2118,211273,1444,0,1444,0,0,0,161,0,161,76,0,76,140,0,140,1,0,1,626,0,626,80,0,80,68,0,68,292,0,292,PA,2
2119,211291,3786,1848,1938,2,1,1,197,81,116,132,72,60,245,118,127,1,1,0,2796,1351,1445,160,74,86,12,4,8,241,146,95,PA,2
2120,211307,12582,5285,7297,31,16,15,724,344,380,663,251,412,999,393,606,19,6,13,9051,3856,5195,338,134,204,723,272,451,34,13,21,PA,2
2121,211343,4381,1756,2625,9,3,6,43,15,28,123,59,64,103,50,53,7,3,4,3164,1195,1969,58,23,35,862,401,461,12,7,5,PA,2
2122,211352,2074,798,1276,0,0,0,66,25,41,410,141,269,265,63,202,2,0,2,1109,476,633,56,21,35,166,72,94,0,0,0,PA,2
2123,211361,5869,2630,3239,6,4,2,76,34,42,678,343,335,251,105,146,5,0,5,4438,1949,2489,217,101,116,154,61,93,44,33,11,PA,2
2124,211431,1429,232,1197,2,0,2,43,11,32,267,38,229,32,10,22,0,0,0,965,149,816,57,10,47,59,14,45,4,0,4,PA,2
2125,211440,7034,3599,3435,1,0,1,2262,993,1269,270,155,115,613,401,212,2,2,0,1844,1030,814,295,135,160,454,224,230,1293,659,634,PA,2
2126,211468,1405,141,1264,2,0,2,35,1,34,111,4,107,189,9,180,3,0,3,786,25,761,27,0,27,135,15,120,117,87,30,PA,2
2127,211477,1467,469,998,24,9,15,35,14,21,277,93,184,106,30,76,6,2,4,878,272,606,79,33,46,58,14,44,4,2,2,PA,2
2128,211556,1634,431,1203,0,0,0,41,9,32,71,19,52,57,30,27,1,0,1,976,247,729,31,12,19,371,72,299,86,42,44,PA,2
2129,211583,1526,684,842,2,0,2,22,8,14,443,157,286,161,55,106,2,0,2,578,310,268,64,30,34,158,37,121,96,87,9,PA,2
2130,211608,674,258,416,1,0,1,3,2,1,526,202,324,72,22,50,0,0,0,4,4,0,31,12,19,34,16,18,3,0,3,PA,2
2131,211644,4295,1367,2928,10,7,3,35,9,26,323,133,190,149,55,94,6,3,3,3466,1055,2411,92,37,55,185,51,134,29,17,12,PA,2
2132,211893,131,70,61,0,0,0,28,12,16,6,4,2,4,4,0,0,0,0,36,20,16,0,0,0,0,0,0,57,30,27,PA,2
2133,211927,15647,6033,9614,45,21,24,827,341,486,4340,1329,3011,236,78,158,24,13,11,8256,3520,4736,866,292,574,922,383,539,131,56,75,PA,2
2134,211981,2128,889,1239,9,0,9,36,12,24,167,115,52,143,64,79,3,1,2,1399,524,875,43,19,24,321,152,169,7,2,5,PA,2
2135,212009,2217,947,1270,4,0,4,92,27,65,115,52,63,191,72,119,1,0,1,1393,614,779,78,27,51,24,14,10,319,141,178,PA,2
2136,212045,349,86,263,0,0,0,0,0,0,18,2,16,11,6,5,1,1,0,299,70,229,18,7,11,1,0,1,1,0,1,PA,2
2137,212054,17108,8734,8374,10,5,5,3153,1609,1544,1234,467,767,1160,540,620,19,12,7,8537,4453,4084,646,313,333,618,293,325,1731,1042,689,PA,2
2138,212106,6272,2321,3951,3,2,1,217,79,138,349,173,176,249,106,143,4,2,2,4948,1743,3205,210,74,136,93,49,44,199,93,106,PA,2
2139,212115,5961,2626,3335,15,6,9,115,50,65,1204,548,656,835,357,478,12,7,5,3266,1406,1860,265,123,142,206,102,104,43,27,16,PA,2
2140,212133,2053,628,1425,4,1,3,38,9,29,442,121,321,383,104,279,1,1,0,920,312,608,48,17,31,178,41,137,39,22,17,PA,2
2141,212160,3913,1641,2272,10,4,6,42,16,26,224,99,125,158,71,87,0,0,0,3186,1312,1874,0,0,0,241,107,134,52,32,20,PA,2
2142,212197,1888,733,1155,1,0,1,54,20,34,71,31,40,89,29,60,2,1,1,1594,618,976,28,10,18,21,6,15,28,18,10,PA,2
2143,212577,2482,1123,1359,2,0,2,116,33,83,152,67,85,258,106,152,0,0,0,1366,644,722,69,32,37,64,24,40,455,217,238,PA,2
2144,212601,3610,1420,2190,4,2,2,70,24,46,195,103,92,147,44,103,2,0,2,2479,897,1582,118,44,74,291,98,193,304,208,96,PA,2
2145,212656,1380,711,669,4,2,2,27,14,13,106,57,49,29,14,15,0,0,0,1085,559,526,41,24,17,60,25,35,28,16,12,PA,2
2146,212674,2638,1237,1401,5,3,2,62,21,41,99,39,60,243,106,137,0,0,0,1961,948,1013,67,26,41,60,30,30,141,64,77,PA,2
2147,212771,246,24,222,0,0,0,0,0,0,0,0,0,0,0,0,0,0,0,165,3,162,0,0,0,81,21,60,0,0,0,PA,2
2148,212805,2481,1298,1183,2,0,2,50,18,32,16,8,8,29,16,13,1,0,1,2271,1198,1073,84,40,44,8,6,2,20,12,8,PA,2
2149,212832,2351,637,1714,16,4,12,150,37,113,454,79,375,115,20,95,5,1,4,1503,473,1030,27,6,21,76,16,60,5,1,4,PA,2
2150,212869,1556,277,1279,8,2,6,30,4,26,668,142,526,191,45,146,4,0,4,455,59,396,62,9,53,30,3,27,108,13,95,PA,2
2151,212878,24600,8744,15856,68,25,43,1096,439,657,2384,853,1531,2907,913,1994,27,12,15,16213,5733,10480,861,298,563,578,237,341,466,234,232,PA,2
2152,212911,1392,658,734,1,1,0,161,57,104,83,29,54,128,56,72,0,0,0,734,366,368,93,50,43,33,16,17,159,83,76,PA,2
2153,212984,2423,613,1810,5,2,3,157,24,133,354,82,272,46,9,37,12,3,9,1452,388,1064,196,60,136,194,43,151,7,2,5,PA,2
2154,212993,133,83,50,1,0,1,4,2,2,78,52,26,17,10,7,0,0,0,26,13,13,2,2,0,5,4,1,0,0,0,PA,2
2155,213011,2034,563,1471,3,0,3,80,15,65,271,76,195,153,36,117,0,0,0,1406,401,1005,47,16,31,52,11,41,22,8,14,PA,2
2156,213020,9495,4069,5426,11,4,7,117,47,70,1082,462,620,425,167,258,2,0,2,6829,2879,3950,425,156,269,301,167,134,303,187,116,PA,2
2157,213233,538,390,148,3,3,0,6,5,1,15,12,3,36,29,7,0,0,0,455,326,129,9,6,3,14,9,5,0,0,0,PA,2
2158,213251,1611,710,901,3,2,1,38,12,26,52,27,25,92,41,51,1,1,0,1162,504,658,44,19,25,56,26,30,163,78,85,PA,2
2159,213303,2490,1030,1460,10,3,7,17,4,13,206,135,71,159,49,110,2,1,1,1162,456,706,46,21,25,887,360,527,1,1,0,PA,2
2160,213321,2347,1229,1118,6,3,3,52,18,34,92,67,25,188,83,105,1,0,1,1626,791,835,56,30,26,129,69,60,197,168,29,PA,2
2161,213349,7826,3467,4359,12,4,8,152,73,79,610,344,266,697,329,368,4,3,1,5751,2459,3292,236,100,136,283,110,173,81,45,36,PA,2
2162,213358,1370,585,785,1,0,1,14,7,7,137,52,85,59,22,37,1,0,1,821,322,499,48,16,32,79,37,42,210,129,81,PA,2
2163,213367,4116,1466,2650,5,2,3,217,71,146,789,255,534,746,222,524,6,3,3,1995,794,1201,138,44,94,114,24,90,106,51,55,PA,2
2164,213376,3853,1695,2158,10,5,5,38,16,22,316,228,88,341,122,219,7,3,4,2422,1009,1413,69,25,44,625,270,355,25,17,8,PA,2
2165,213385,2701,1334,1367,0,0,0,117,55,62,144,81,63,200,101,99,0,0,0,1747,847,900,84,35,49,148,74,74,261,141,120,PA,2
2166,213400,1978,920,1058,1,0,1,23,8,15,369,183,186,96,43,53,0,0,0,920,426,494,368,179,189,201,81,120,0,0,0,PA,2
2167,213473,193,38,155,0,0,0,13,2,11,25,4,21,23,6,17,0,0,0,130,26,104,0,0,0,2,0,2,0,0,0,PA,2
2168,213507,1832,851,981,1,0,1,44,12,32,60,40,20,104,55,49,1,0,1,1516,690,826,56,30,26,22,9,13,28,15,13,PA,2
2169,213525,9742,3571,6171,32,15,17,265,107,158,656,218,438,2513,838,1675,7,3,4,5340,1995,3345,435,153,282,454,223,231,40,19,21,PA,2
2170,213543,5432,2926,2506,5,1,4,417,217,200,226,132,94,493,261,232,5,2,3,3295,1787,1508,190,96,94,297,153,144,504,277,227,PA,2
2171,213570,814,171,643,1,1,0,7,4,3,150,25,125,292,44,248,0,0,0,276,80,196,32,4,28,56,13,43,0,0,0,PA,2
2172,213589,455,419,36,0,0,0,18,18,0,199,182,17,94,88,6,1,1,0,71,63,8,26,23,3,46,44,2,0,0,0,PA,2
2173,213598,2103,710,1393,3,1,2,1,0,1,1784,588,1196,96,32,64,0,0,0,15,8,7,64,21,43,83,35,48,57,25,32,PA,2
2174,213613,2996,1195,1801,12,4,8,35,14,21,225,140,85,103,44,59,2,1,1,2490,943,1547,29,14,15,71,29,42,29,6,23,PA,2
2175,213659,7059,2684,4375,27,9,18,130,58,72,376,148,228,1043,348,695,11,6,5,4642,1808,2834,108,47,61,722,260,462,0,0,0,PA,2
2176,213668,1178,565,613,2,2,0,14,4,10,154,83,71,151,64,87,1,0,1,688,331,357,44,24,20,64,29,35,60,28,32,PA,2
2177,213774,910,248,662,5,3,2,26,8,18,264,101,163,121,31,90,1,0,1,281,50,231,30,7,23,180,46,134,2,2,0,PA,2
2178,213783,1913,694,1219,5,3,2,14,5,9,194,88,106,82,31,51,2,2,0,1487,519,968,46,17,29,69,25,44,14,4,10,PA,2
2179,213826,1950,644,1306,3,1,2,45,13,32,50,21,29,140,38,102,1,1,0,1354,420,934,35,8,27,291,120,171,31,22,9,PA,2
2180,213914,412,33,379,0,0,0,1,0,1,15,2,13,8,0,8,0,0,0,370,30,340,18,1,17,0,0,0,0,0,0,PA,2
2181,213987,2515,1072,1443,34,10,24,41,11,30,120,71,49,110,48,62,1,0,1,2001,827,1174,0,0,0,74,30,44,134,75,59,PA,2
2182,213996,2838,1106,1732,3,2,1,72,14,58,82,29,53,157,62,95,0,0,0,2285,891,1394,101,45,56,25,8,17,113,55,58,PA,2
2183,214023,8,3,5,0,0,0,0,0,0,3,1,2,3,0,3,0,0,0,2,2,0,0,0,0,0,0,0,0,0,0,PA,2
2184,214041,7612,3169,4443,31,16,15,254,102,152,683,322,361,796,296,500,6,5,1,5560,2317,3243,84,37,47,108,37,71,90,37,53,PA,2
2185,214069,2113,682,1431,3,0,3,29,8,21,68,34,34,71,26,45,3,1,2,1774,545,1229,77,36,41,83,28,55,5,4,1,PA,2
2186,214111,16426,6879,9547,30,12,18,1057,466,591,2145,823,1322,1259,479,780,24,12,12,10085,4326,5759,602,237,365,1021,456,565,203,68,135,PA,2
2187,214148,399,0,399,0,0,0,20,0,20,55,0,55,31,0,31,3,0,3,238,0,238,32,0,32,16,0,16,4,0,4,PA,2
2188,214157,2268,886,1382,7,3,4,52,11,41,58,28,30,255,101,154,3,1,2,1503,554,949,49,18,31,213,83,130,128,87,41,PA,2
2189,214166,2955,1021,1934,11,4,7,35,12,23,45,24,21,24,11,13,0,0,0,2491,813,1678,0,0,0,276,99,177,73,58,15,PA,2
2190,214175,2950,1106,1844,8,6,2,140,56,84,111,59,52,339,117,222,1,1,0,2041,731,1310,74,48,26,116,38,78,120,50,70,PA,2
2191,214272,2079,723,1356,3,1,2,37,15,22,549,133,416,114,41,73,3,2,1,1174,468,706,63,17,46,117,36,81,19,10,9,PA,2
2192,214379,13471,4985,8486,34,10,24,361,132,229,1723,651,1072,3120,1092,2028,23,12,11,7433,2763,4670,418,150,268,190,82,108,169,93,76,PA,2
2193,214582,687,113,574,2,0,2,7,3,4,407,47,360,19,3,16,1,0,1,113,37,76,48,9,39,90,14,76,0,0,0,PA,2
2194,214883,1633,474,1159,6,3,3,51,25,26,935,235,700,138,38,100,4,2,2,286,112,174,32,11,21,173,47,126,8,1,7,PA,2
2195,214944,659,535,124,2,2,0,22,20,2,188,165,23,93,68,25,2,2,0,334,266,68,18,12,6,0,0,0,0,0,0,PA,2
2196,214971,206,52,154,2,0,2,10,3,7,10,3,7,16,7,9,0,0,0,122,29,93,19,4,15,8,3,5,19,3,16,PA,2
2197,215053,251,77,174,2,0,2,9,3,6,22,14,8,8,5,3,1,1,0,189,45,144,15,8,7,5,1,4,0,0,0,PA,2
2198,215062,14202,6346,7856,14,4,10,3055,1329,1726,1069,420,649,1263,587,676,6,3,3,5427,2500,2927,678,269,409,624,223,401,2066,1011,1055,PA,2
2199,215105,1749,646,1103,4,2,2,49,12,37,337,136,201,225,81,144,0,0,0,895,325,570,33,17,16,149,50,99,57,23,34,PA,2
2200,215114,1267,562,705,0,0,0,51,17,34,106,52,54,43,21,22,0,0,0,914,407,507,73,26,47,38,18,20,42,21,21,PA,2
2201,215132,1503,552,951,1,1,0,475,156,319,85,29,56,52,16,36,3,1,2,606,230,376,57,26,31,210,86,124,14,7,7,PA,2
2202,215239,22166,7573,14593,57,22,35,2014,889,1125,9629,2899,6730,3270,1049,2221,52,18,34,4974,1894,3080,763,246,517,774,289,485,633,267,366,PA,2
2203,215266,2404,1010,1394,6,2,4,42,22,20,196,83,113,93,40,53,1,0,1,1110,457,653,56,27,29,867,357,510,33,22,11,PA,2
2204,215275,1682,742,940,1,0,1,66,24,42,100,29,71,104,45,59,0,0,0,1296,587,709,61,24,37,47,28,19,7,5,2,PA,2
2205,215284,2581,1434,1147,1,1,0,69,36,33,109,52,57,138,71,67,0,0,0,2076,1171,905,68,35,33,78,42,36,42,26,16,PA,2
2206,215293,24935,11468,13467,15,8,7,2496,1010,1486,1232,516,716,1161,512,649,9,1,8,17496,8251,9245,1045,432,613,416,196,220,1065,542,523,PA,2
2207,215309,147,38,109,1,0,1,0,0,0,17,8,9,2,0,2,0,0,0,124,28,96,2,1,1,1,1,0,0,0,0,PA,2
2208,215381,1231,1140,91,3,3,0,9,9,0,86,78,8,33,28,5,2,2,0,971,897,74,43,39,4,5,5,0,79,79,0,PA,2
2209,215415,2502,1366,1136,6,5,1,15,10,5,171,68,103,22,12,10,1,1,0,1369,765,604,87,45,42,828,459,369,3,1,2,PA,2
2210,215442,3594,1398,2196,4,1,3,52,16,36,513,194,319,209,79,130,4,1,3,2477,932,1545,151,51,100,63,30,33,121,94,27,PA,2
2211,215585,6120,2185,3935,23,14,9,142,60,82,562,212,350,2129,672,1457,15,7,8,3058,1138,1920,169,73,96,19,7,12,3,2,1,PA,2
2212,215655,4086,2319,1767,5,3,2,49,24,25,265,167,98,122,61,61,5,4,1,3005,1626,1379,140,73,67,118,60,58,377,301,76,PA,2
2213,215691,523,179,344,1,0,1,11,5,6,200,68,132,50,20,30,3,0,3,195,70,125,20,7,13,38,8,30,5,1,4,PA,2
2214,215743,3076,1071,2005,7,1,6,69,19,50,146,105,41,47,17,30,5,3,2,2398,792,1606,68,28,40,309,89,220,27,17,10,PA,2
2215,215770,5016,2323,2693,6,4,2,134,56,78,300,116,184,380,172,208,8,3,5,3830,1822,2008,137,56,81,124,53,71,97,41,56,PA,2
2216,215798,1637,869,768,3,3,0,16,7,9,89,68,21,78,55,23,2,1,1,1351,678,673,34,22,12,46,21,25,18,14,4,PA,2
2217,215929,4433,1866,2567,5,5,0,154,50,104,96,42,54,443,187,256,12,4,8,3324,1403,1921,86,39,47,248,107,141,65,29,36,PA,2
2218,215947,2877,1039,1838,6,1,5,59,17,42,149,102,47,123,42,81,2,0,2,2382,809,1573,81,33,48,38,8,30,37,27,10,PA,2
2219,216010,5763,2760,3003,6,4,2,82,33,49,711,353,358,371,183,188,0,0,0,4242,2023,2219,255,115,140,56,28,28,40,21,19,PA,2
2220,216038,8308,3683,4625,11,3,8,82,25,57,389,209,180,215,91,124,4,2,2,7054,3070,3984,332,158,174,130,74,56,91,51,40,PA,2
2221,216047,83,79,4,0,0,0,3,3,0,1,1,0,9,8,1,0,0,0,58,55,3,0,0,0,7,7,0,5,5,0,PA,2
2222,216278,2345,1030,1315,3,0,3,47,11,36,138,84,54,161,77,84,2,2,0,1850,787,1063,65,30,35,41,11,30,38,28,10,PA,2
2223,216287,1689,821,868,6,0,6,258,127,131,127,50,77,210,99,111,2,1,1,635,324,311,125,50,75,88,42,46,238,128,110,PA,2
2224,216296,1642,1370,272,3,1,2,37,30,7,163,137,26,250,189,61,3,3,0,1098,947,151,66,45,21,18,15,3,4,3,1,PA,2
2225,216311,134,134,0,0,0,0,0,0,0,0,0,0,0,0,0,0,0,0,128,128,0,0,0,0,0,0,0,6,6,0,PA,2
2226,216339,30861,14226,16635,22,10,12,3688,1696,1992,4073,1434,2639,2379,973,1406,25,11,14,16816,8199,8617,1126,457,669,947,464,483,1785,982,803,PA,2
2227,216357,767,399,368,4,1,3,26,8,18,108,82,26,24,11,13,1,0,1,526,261,265,28,17,11,50,19,31,0,0,0,PA,2
2228,216366,4395,1134,3261,10,1,9,281,90,191,685,144,541,472,128,344,5,3,2,2359,620,1739,299,70,229,200,41,159,84,37,47,PA,2
2229,216524,1492,739,753,1,1,0,60,27,33,113,66,47,121,53,68,1,0,1,1077,528,549,49,28,21,50,27,23,20,9,11,PA,2
2230,216542,620,286,334,1,1,0,13,8,5,82,51,31,117,50,67,0,0,0,345,151,194,33,12,21,15,4,11,14,9,5,PA,2
2231,216551,311,279,32,1,1,0,10,9,1,112,105,7,38,32,6,0,0,0,106,93,13,17,16,1,10,8,2,17,15,2,PA,2
2232,216597,7503,3461,4042,3,2,1,410,198,212,379,166,213,608,272,336,1,0,1,5492,2508,2984,224,93,131,185,123,62,201,99,102,PA,2
2233,216667,1293,629,664,0,0,0,27,7,20,82,45,37,71,29,42,0,0,0,929,451,478,47,22,25,77,39,38,60,36,24,PA,2
2234,216694,1352,552,800,2,1,1,11,4,7,43,24,19,42,13,29,1,1,0,1141,463,678,44,21,23,64,24,40,4,1,3,PA,2
2235,216764,15885,6517,9368,18,6,12,446,168,278,1780,659,1121,972,378,594,9,6,3,11707,4881,6826,588,264,324,305,131,174,60,24,36,PA,2
2236,216807,1225,577,648,9,7,2,4,1,3,66,45,21,19,14,5,5,3,2,850,378,472,9,1,8,260,126,134,3,2,1,PA,2
2237,216825,6655,2457,4198,8,3,5,98,46,52,211,85,126,158,67,91,1,1,0,5864,2162,3702,252,70,182,5,3,2,58,20,38,PA,2
2238,216852,3359,1408,1951,3,1,2,105,53,52,421,157,264,190,79,111,1,0,1,2380,995,1385,109,48,61,88,40,48,62,35,27,PA,2
2239,216931,2639,1322,1317,4,3,1,71,36,35,107,66,41,189,87,102,5,3,2,1840,874,966,78,36,42,173,93,80,172,124,48,PA,2
2240,216940,247,247,0,0,0,0,2,2,0,34,34,0,17,17,0,0,0,0,189,189,0,5,5,0,0,0,0,0,0,0,PA,2
2241,217013,1242,289,953,3,2,1,9,3,6,75,26,49,62,17,45,2,0,2,857,170,687,20,4,16,180,52,128,34,15,19,PA,2
2242,217040,42,42,0,0,0,0,0,0,0,0,0,0,0,0,0,0,0,0,42,42,0,0,0,0,0,0,0,0,0,0,PA,2
2243,217059,4377,1960,2417,3,0,3,97,41,56,258,113,145,315,135,180,4,1,3,3308,1505,1803,146,59,87,174,76,98,72,30,42,PA,2
2244,217156,7553,3495,4058,27,9,18,1221,547,674,494,223,271,811,345,466,12,7,5,3100,1608,1492,445,173,272,445,183,262,998,400,598,RI,1
2245,217165,3491,2165,1326,7,5,2,119,56,63,116,79,37,231,132,99,3,2,1,2606,1660,946,65,42,23,49,34,15,295,155,140,RI,1
2246,217235,6758,2742,4016,30,18,12,205,79,126,891,331,560,911,318,593,0,0,0,3710,1530,2180,154,59,95,422,173,249,435,234,201,RI,1
2247,217305,3066,1962,1104,2,2,0,15,11,4,38,25,13,306,199,107,0,0,0,460,297,163,87,47,40,2111,1337,774,47,44,3,RI,1
2248,217402,4584,2098,2486,9,3,6,65,19,46,182,82,100,472,182,290,11,3,8,3487,1648,1839,97,32,65,182,89,93,79,40,39,RI,1
2249,217420,7259,2273,4986,44,16,28,232,79,153,756,232,524,1681,519,1162,3,1,2,3947,1238,2709,166,46,120,414,140,274,16,2,14,RI,1
2250,217475,19283,7978,11305,65,24,41,550,234,316,1821,804,1017,4175,1585,2590,12,5,7,10264,4300,5964,1187,458,729,1184,559,625,25,9,16,RI,1
2251,217484,17724,7975,9749,42,15,27,622,299,323,952,454,498,1937,807,1130,12,5,7,12493,5592,6901,513,244,269,858,415,443,295,144,151,RI,1
2252,217493,2041,649,1392,3,1,2,388,108,280,85,29,56,179,41,138,0,0,0,549,228,321,121,35,86,59,20,39,657,187,470,RI,1
2253,217518,4929,2407,2522,15,7,8,86,36,50,140,75,65,410,184,226,3,1,2,3543,1796,1747,97,43,54,563,233,330,72,32,40,RI,1
2254,217536,2241,779,1462,4,2,2,25,6,19,35,16,19,155,55,100,1,0,1,1807,626,1181,68,17,51,91,26,65,55,31,24,RI,1
2255,217606,310,165,145,3,1,2,3,2,1,21,13,8,47,27,20,1,1,0,210,112,98,3,1,2,15,6,9,7,2,5,MA,1
2256,217615,2875,1007,1868,21,9,12,29,15,14,950,267,683,225,89,136,4,2,2,1591,603,988,33,13,20,20,8,12,2,1,1,SC,5
2257,217624,1141,594,547,10,5,5,1,0,1,1049,551,498,8,2,6,2,2,0,24,8,16,10,4,6,29,18,11,8,4,4,SC,5
2258,217633,3265,999,2266,5,2,3,37,7,30,200,61,139,145,44,101,15,14,1,2702,809,1893,69,20,49,59,18,41,33,24,9,SC,5
2259,217688,2948,1089,1859,12,4,8,46,13,33,553,217,336,128,49,79,7,5,2,1747,637,1110,119,46,73,303,110,193,33,8,25,SC,5
2260,217712,3183,949,2234,10,2,8,48,19,29,942,206,736,455,155,300,5,1,4,1525,508,1017,161,45,116,37,13,24,0,0,0,SC,5
2261,217721,2156,954,1202,18,4,14,8,1,7,1829,814,1015,48,28,20,0,0,0,20,11,9,17,5,12,48,22,26,168,69,99,SC,5
2262,217749,3168,1388,1780,11,8,3,80,43,37,67,27,40,206,86,120,8,2,6,2217,967,1250,60,26,34,321,136,185,198,93,105,SC,5
2263,217776,1296,475,821,3,0,3,6,1,5,257,86,171,55,21,34,1,0,1,868,316,552,32,9,23,57,32,25,17,10,7,SC,5
2264,217819,10498,3842,6656,37,14,23,205,68,137,798,269,529,662,232,430,14,4,10,8104,2985,5119,384,133,251,154,67,87,140,70,70,SC,5
2265,217837,2125,685,1440,39,10,29,13,5,8,999,267,732,68,20,48,0,0,0,903,351,552,80,25,55,23,7,16,0,0,0,SC,5
2266,217864,3243,2792,451,13,12,1,58,48,10,236,187,49,235,184,51,6,5,1,2456,2164,292,166,136,30,46,36,10,27,20,7,SC,5
2267,217873,2202,701,1501,28,11,17,15,8,7,1991,616,1375,32,11,21,4,1,3,40,8,32,0,0,0,32,10,22,60,36,24,SC,5
2268,217882,22100,11449,10651,54,27,27,599,325,274,1377,682,695,1193,638,555,12,7,5,17527,8951,8576,828,426,402,114,68,46,396,325,71,SC,5
2269,217891,251,119,132,3,3,0,1,0,1,245,114,131,0,0,0,2,2,0,0,0,0,0,0,0,0,0,0,0,0,0,SC,5
2270,217907,1325,593,732,16,8,8,33,12,21,353,137,216,32,17,15,0,0,0,755,347,408,85,38,47,16,10,6,35,24,11,SC,5
2271,217925,937,447,490,3,2,1,8,5,3,191,91,100,63,33,30,2,0,2,524,248,276,4,2,2,105,41,64,37,25,12,SC,5
2272,217934,1388,250,1138,6,1,5,10,1,9,489,34,455,69,10,59,0,0,0,459,105,354,46,0,46,299,99,200,10,0,10,SC,5
2273,217961,887,19,868,0,0,0,13,0,13,106,2,104,44,0,44,0,0,0,597,2,595,48,0,48,23,0,23,56,15,41,SC,5
2274,217989,758,237,521,2,0,2,3,3,0,587,177,410,11,4,7,0,0,0,123,35,88,5,4,1,27,14,13,0,0,0,SC,5
2275,217998,823,527,296,13,7,6,13,7,6,171,130,41,42,26,16,8,4,4,462,282,180,3,0,3,111,71,40,0,0,0,SC,5
2276,218025,4549,1563,2986,42,17,25,42,15,27,1772,470,1302,123,48,75,1,0,1,1875,742,1133,66,29,37,624,240,384,4,2,2,SC,5
2277,218061,4202,1349,2853,18,4,14,60,19,41,1503,388,1115,135,47,88,1,0,1,2070,730,1340,133,39,94,221,81,140,61,41,20,SC,5
2278,218070,2743,1086,1657,6,4,2,69,24,45,169,75,94,146,61,85,2,1,1,2164,834,1330,83,40,43,30,13,17,74,34,40,SC,5
2279,218113,14447,5772,8675,31,20,11,364,142,222,2827,937,1890,1588,659,929,17,9,8,8593,3592,5001,568,209,359,357,163,194,102,41,61,SC,5
2280,218140,8520,3037,5483,27,5,22,89,43,46,1635,487,1148,522,189,333,16,10,6,5727,2116,3611,384,141,243,112,42,70,8,4,4,SC,5
2281,218229,3315,1073,2242,19,6,13,33,12,21,864,237,627,84,30,54,3,2,1,2107,708,1399,125,43,82,60,20,40,20,15,5,SC,5
2282,218238,2133,947,1186,18,14,4,13,6,7,932,398,534,80,30,50,2,2,0,937,421,516,63,29,34,14,7,7,74,40,34,SC,5
2283,218335,411,61,350,0,0,0,12,2,10,38,4,34,18,2,16,0,0,0,308,47,261,14,3,11,21,3,18,0,0,0,SC,5
2284,218353,12115,4582,7533,40,17,23,256,117,139,4202,1292,2910,799,317,482,12,6,6,5548,2330,3218,593,209,384,665,294,371,0,0,0,SC,5
2285,218399,694,285,409,2,1,1,0,0,0,648,268,380,4,3,1,0,0,0,7,3,4,6,3,3,27,7,20,0,0,0,SC,5
2286,218414,1342,750,592,5,1,4,7,2,5,407,276,131,32,16,16,2,1,1,683,332,351,43,25,18,83,47,36,80,50,30,SC,5
2287,218441,2411,1114,1297,4,2,2,21,10,11,165,100,65,83,45,38,2,2,0,1571,702,869,64,37,27,487,207,280,14,9,5,SC,5
2288,218487,3288,1078,2210,16,6,10,26,10,16,1668,453,1215,75,29,46,2,2,0,1421,547,874,52,16,36,28,15,13,0,0,0,SC,5
2289,218520,6393,2185,4208,21,9,12,46,21,25,2103,495,1608,401,156,245,2,0,2,3651,1441,2210,166,62,104,3,1,2,0,0,0,SC,5
2290,218539,1168,557,611,2,1,1,16,2,14,181,124,57,63,25,38,0,0,0,769,339,430,49,22,27,7,2,5,81,42,39,SC,5
2291,218645,3623,1253,2370,9,4,5,35,11,24,913,254,659,200,74,126,4,1,3,2153,788,1365,179,54,125,44,15,29,86,52,34,SC,5
2292,218654,2472,795,1677,12,4,8,26,12,14,514,131,383,211,63,148,3,1,2,1498,513,985,131,42,89,46,15,31,31,14,17,SC,5
2293,218663,29221,13607,15614,55,27,28,963,480,483,2578,1072,1506,1451,652,799,27,17,10,21625,10102,11523,1177,494,683,209,96,113,1136,667,469,SC,5
2294,218672,2156,839,1317,9,4,5,45,18,27,378,131,247,102,37,65,2,1,1,1462,594,868,84,30,54,66,19,47,8,5,3,SC,5
2295,218681,1158,431,727,4,0,4,5,2,3,319,104,215,47,22,25,1,1,0,608,245,363,30,8,22,122,30,92,22,19,3,SC,5
2296,218690,1607,710,897,6,1,5,31,19,12,330,138,192,98,53,45,1,0,1,898,394,504,76,35,41,151,56,95,16,14,2,SC,5
2297,218706,1579,740,839,4,2,2,14,7,7,233,80,153,75,42,33,0,0,0,951,426,525,46,21,25,247,157,90,9,5,4,SC,5
2298,218724,10596,4785,5811,44,12,32,116,52,64,1922,1009,913,585,248,337,14,3,11,7029,3056,3973,482,223,259,285,118,167,119,64,55,SC,5
2299,218733,2381,1087,1294,5,1,4,4,2,2,2217,1030,1187,11,3,8,1,0,1,74,27,47,10,3,7,58,20,38,1,1,0,SC,5
2300,218742,6732,2283,4449,16,4,12,204,85,119,1998,517,1481,424,157,267,6,2,4,3507,1314,2193,278,89,189,206,73,133,93,42,51,SC,5
2301,218821,1017,522,495,1,1,0,6,3,3,387,208,179,94,49,45,0,0,0,482,239,243,39,16,23,3,1,2,5,5,0,SC,5
2302,218830,6196,2445,3751,16,6,10,237,102,135,1293,430,863,571,224,347,9,6,3,3698,1533,2165,266,95,171,106,49,57,0,0,0,SC,5
2303,218858,4481,1469,3012,6,0,6,40,10,30,1872,525,1347,180,60,120,2,0,2,2228,814,1414,84,27,57,69,33,36,0,0,0,SC,5
2304,218885,7646,3575,4071,20,11,9,106,55,51,770,277,493,450,213,237,1,1,0,5865,2803,3062,319,145,174,115,70,45,0,0,0,SC,5
2305,218894,17239,6751,10488,88,30,58,337,137,200,4462,1436,3026,1210,484,726,73,33,40,10071,4243,5828,644,244,400,354,144,210,0,0,0,SC,5
2306,218919,543,232,311,0,0,0,0,0,0,530,223,307,1,1,0,0,0,0,4,3,1,0,0,0,0,0,0,8,5,3,SC,5
2307,218955,1076,387,689,4,2,2,4,2,2,750,281,469,5,1,4,0,0,0,296,90,206,3,3,0,14,8,6,0,0,0,SC,5
2308,218964,5318,1697,3621,21,4,17,74,27,47,1551,458,1093,330,91,239,6,3,3,3017,994,2023,223,73,150,4,1,3,92,46,46,SC,5
2309,218973,1776,845,931,3,0,3,35,12,23,151,92,59,79,31,48,1,1,0,1413,656,757,52,25,27,7,5,2,35,23,12,SC,5
2310,218991,6053,2350,3703,30,11,19,94,36,58,1445,434,1011,417,169,248,4,0,4,3477,1507,1970,469,137,332,117,56,61,0,0,0,SC,5
2311,219000,1997,759,1238,19,6,13,48,19,29,65,34,31,56,19,37,2,1,1,1537,553,984,30,13,17,121,59,62,119,55,64,SD,4
2312,219046,5330,2047,3283,173,57,116,51,19,32,83,56,27,243,95,148,7,2,5,4304,1619,2685,241,105,136,128,55,73,100,39,61,SD,4
2313,219082,4166,2444,1722,49,22,27,73,46,27,140,103,37,152,95,57,8,7,1,3446,1981,1465,152,91,61,73,50,23,73,49,24,SD,4
2314,219091,777,335,442,14,4,10,7,3,4,12,9,3,57,33,24,1,1,0,651,259,392,20,14,6,3,2,1,12,10,2,SD,4
2315,219143,2615,1301,1314,68,37,31,20,6,14,21,11,10,43,18,25,2,1,1,2369,1175,1194,10,2,8,79,48,31,3,3,0,SD,4
2316,219189,1381,874,507,36,23,13,17,13,4,6,3,3,43,26,17,1,1,0,1240,788,452,22,11,11,16,9,7,0,0,0,SD,4
2317,219198,1393,610,783,22,8,14,18,9,9,43,34,9,103,55,48,1,1,0,1044,425,619,64,28,36,76,32,44,22,18,4,SD,4
2318,219204,2319,872,1447,55,19,36,44,27,17,695,218,477,220,82,138,9,3,6,1038,417,621,149,58,91,100,44,56,9,4,5,SD,4
2319,219259,4135,1725,2410,70,24,46,61,22,39,75,42,33,112,43,69,3,3,0,3419,1424,1995,135,57,78,44,26,18,216,84,132,SD,4
2320,219277,1721,569,1152,1627,539,1088,1,0,1,3,1,2,10,5,5,0,0,0,72,21,51,7,2,5,1,1,0,0,0,0,SD,4
2321,219295,644,221,423,14,2,12,11,2,9,65,38,27,48,22,26,2,1,1,446,130,316,19,8,11,15,2,13,24,16,8,SD,4
2322,219347,2622,1905,717,32,21,11,43,27,16,46,39,7,150,108,42,1,1,0,2132,1569,563,101,66,35,48,26,22,69,48,21,SD,4
2323,219356,12028,5479,6549,142,39,103,130,53,77,232,142,90,336,151,185,3,1,2,10322,4630,5692,298,120,178,113,61,52,452,282,170,SD,4
2324,219374,704,211,493,640,190,450,0,0,0,0,0,0,0,0,0,0,0,0,64,21,43,0,0,0,0,0,0,0,0,0,SD,4
2325,219383,1561,564,997,8,3,5,20,8,12,72,50,22,33,16,17,3,3,0,1286,429,857,90,39,51,33,10,23,16,6,10,SD,4
2326,219408,285,123,162,201,82,119,0,0,0,9,9,0,3,1,2,0,0,0,72,31,41,0,0,0,0,0,0,0,0,0,SD,4
2327,219426,2956,1303,1653,72,24,48,88,32,56,160,81,79,127,51,76,5,3,2,2416,1065,1351,34,16,18,53,31,22,1,0,1,SD,4
2328,219471,9126,3338,5788,153,38,115,125,49,76,279,149,130,379,129,250,8,3,5,7535,2727,4808,324,115,209,154,46,108,169,82,87,SD,4
2329,219480,1787,699,1088,149,51,98,33,9,24,30,21,9,96,39,57,9,2,7,1356,531,825,65,22,43,49,24,25,0,0,0,SD,4
2330,219505,113,71,42,0,0,0,1,1,0,109,68,41,0,0,0,0,0,0,1,0,1,0,0,0,0,0,0,2,2,0,TN,5
2331,219602,11417,4852,6565,36,11,25,199,89,110,2365,955,1410,956,423,533,26,13,13,6713,2868,3845,734,314,420,306,140,166,82,39,43,TN,5
2332,219639,1087,111,976,0,0,0,16,4,12,460,31,429,87,12,75,1,0,1,489,61,428,19,1,18,15,2,13,0,0,0,TN,5
2333,219709,7149,2517,4632,24,8,16,146,46,100,358,125,233,456,167,289,8,3,5,5686,1998,3688,305,104,201,89,27,62,77,39,38,TN,5
2334,219718,4860,2147,2713,40,20,20,56,29,27,1488,526,962,144,58,86,4,3,1,2643,1247,1396,296,154,142,96,42,54,93,68,25,TN,5
2335,219790,1979,868,1111,12,5,7,17,6,11,97,55,42,65,28,37,5,3,2,1652,699,953,45,19,26,54,26,28,32,27,5,TN,5
2336,219806,2017,836,1181,12,3,9,15,7,8,180,118,62,93,38,55,2,1,1,1562,593,969,44,23,21,39,16,23,70,37,33,TN,5
2337,219824,10425,3993,6432,25,11,14,222,88,134,1415,494,921,709,265,444,5,1,4,7549,2943,4606,441,158,283,27,15,12,32,18,14,TN,5
2338,219833,1787,867,920,8,3,5,78,43,35,407,155,252,125,59,66,5,1,4,564,297,267,83,36,47,455,228,227,62,45,17,TN,5
2339,219879,4297,1845,2452,10,4,6,72,35,37,237,96,141,260,110,150,83,2,81,3560,1565,1995,27,12,15,47,21,26,1,0,1,TN,5
2340,219888,8381,3356,5025,19,8,11,163,66,97,533,209,324,540,220,320,7,2,5,6711,2699,4012,268,99,169,115,48,67,25,5,20,TN,5
2341,219903,2289,211,2078,15,1,14,16,6,10,1031,61,970,73,14,59,4,0,4,175,25,150,1,0,1,973,104,869,1,0,1,TN,5
2342,219949,2450,1065,1385,19,7,12,34,10,24,254,134,120,143,65,78,0,0,0,1473,609,864,0,0,0,461,208,253,66,32,34,TN,5
2343,219976,3478,1373,2105,7,3,4,106,29,77,253,102,151,247,95,152,3,1,2,2548,1017,1531,95,34,61,111,36,75,108,56,52,TN,5
2344,220002,125,20,105,1,1,0,0,0,0,64,11,53,2,0,2,0,0,0,42,7,35,13,0,13,0,0,0,3,1,2,TN,5
2345,220057,3605,1120,2485,19,6,13,17,7,10,666,182,484,122,38,84,0,0,0,2660,849,1811,94,30,64,23,5,18,4,3,1,TN,5
2346,220075,12673,5193,7480,24,12,12,203,97,106,820,358,462,405,168,237,9,6,3,10214,4128,6086,495,197,298,226,96,130,277,131,146,TN,5
2347,220118,479,20,459,0,0,0,3,0,3,139,7,132,37,2,35,5,0,5,295,11,284,0,0,0,0,0,0,0,0,0,TN,5
2348,220181,903,287,616,1,0,1,3,1,2,754,215,539,13,4,9,0,0,0,5,1,4,17,5,12,63,32,31,47,29,18,TN,5
2349,220206,444,199,245,0,0,0,7,3,4,32,22,10,20,7,13,0,0,0,357,155,202,11,4,7,0,0,0,17,8,9,TN,5
2350,220215,1739,745,994,13,7,6,12,3,9,62,24,38,6,2,4,2,0,2,1346,584,762,17,10,7,265,102,163,16,13,3,TN,5
2351,220400,6851,2314,4537,19,9,10,80,37,43,1359,424,935,237,95,142,2,1,1,4393,1305,3088,229,80,149,532,363,169,0,0,0,TN,5
2352,220464,207,99,108,1,0,1,2,0,2,24,12,12,3,0,3,0,0,0,177,87,90,0,0,0,0,0,0,0,0,0,TN,5
2353,220473,879,463,416,3,1,2,1,0,1,35,16,19,22,12,10,0,0,0,688,369,319,16,7,9,91,47,44,23,11,12,TN,5
2354,220516,2179,761,1418,15,5,10,22,8,14,114,50,64,36,15,21,7,3,4,1798,587,1211,24,8,16,111,51,60,52,34,18,TN,5
2355,220552,6570,1033,5537,35,4,31,99,23,76,2107,232,1875,248,40,208,15,4,11,3593,650,2943,186,31,155,78,11,67,209,38,171,TN,5
2356,220598,1397,707,690,4,4,0,1,1,0,1208,599,609,14,8,6,1,0,1,4,2,2,13,8,5,148,83,65,4,2,2,TN,5
2357,220604,939,318,621,2,0,2,1,0,1,914,304,610,6,3,3,0,0,0,3,3,0,0,0,0,0,0,0,13,8,5,TN,5
2358,220613,5287,2111,3176,22,9,13,51,11,40,227,121,106,75,41,34,7,4,3,4010,1549,2461,172,71,101,583,239,344,140,66,74,TN,5
2359,220631,2151,624,1527,26,8,18,27,8,19,150,45,105,35,10,25,0,0,0,1742,465,1277,0,0,0,114,59,55,57,29,28,TN,5
2360,220701,963,390,573,3,2,1,5,3,2,103,39,64,29,14,15,1,0,1,691,278,413,28,9,19,61,17,44,42,28,14,TN,5
2361,220710,1197,516,681,8,4,4,9,2,7,110,75,35,66,35,31,0,0,0,905,359,546,41,14,27,28,11,17,30,16,14,TN,5
2362,220862,20011,8043,11968,44,21,23,797,358,439,7007,2251,4756,1234,512,722,9,3,6,9427,4274,5153,791,294,497,398,181,217,304,149,155,TN,5
2363,220978,22408,10395,12013,56,28,28,884,402,482,4077,1677,2400,1482,664,818,20,11,9,14281,6816,7465,845,351,494,43,28,15,720,418,302,TN,5
2364,221096,8620,3256,5364,18,7,11,222,83,139,942,341,601,745,279,466,16,8,8,6236,2359,3877,263,107,156,162,69,93,16,3,13,TN,5
2365,221148,2276,2153,123,7,6,1,14,13,1,791,751,40,186,173,13,3,2,1,1226,1162,64,27,24,3,22,22,0,0,0,0,TN,5
2366,221184,10670,4131,6539,34,12,22,433,170,263,2851,1065,1786,947,361,586,24,5,19,5693,2258,3435,438,147,291,196,91,105,54,22,32,TN,5
2367,221351,2099,864,1235,3,2,1,138,58,80,198,91,107,137,52,85,2,0,2,1358,574,784,107,37,70,41,5,36,115,45,70,TN,5
2368,221397,7241,2427,4814,13,4,9,70,23,47,194,71,123,275,94,181,8,3,5,6372,2121,4251,182,66,116,122,43,79,5,2,3,TN,5
2369,221485,12913,4586,8327,35,18,17,272,125,147,8073,2487,5586,846,330,516,12,8,4,3240,1448,1792,293,112,181,53,23,30,89,35,54,TN,5
2370,221519,1797,869,928,1,0,1,26,10,16,72,34,38,94,40,54,0,0,0,1475,724,751,56,22,34,0,0,0,73,39,34,TN,5
2371,221643,14651,6883,7768,51,15,36,391,176,215,903,398,505,727,300,427,16,6,10,11778,5617,6161,521,236,285,111,48,63,153,87,66,TN,5
2372,221661,2787,1207,1580,1,0,1,314,150,164,244,95,149,674,269,405,22,6,16,1179,518,661,188,88,100,0,0,0,165,81,84,TN,5
2373,221731,1148,431,717,3,0,3,10,2,8,120,80,40,49,22,27,1,1,0,829,261,568,27,8,19,46,13,33,63,44,19,TN,5
2374,221740,11010,4852,6158,20,13,7,276,126,150,1074,417,657,600,259,341,5,3,2,8283,3635,4648,296,146,150,306,140,166,150,113,37,TN,5
2375,221759,24949,12235,12714,43,22,21,1013,536,477,1477,704,773,1174,548,626,22,11,11,19479,9544,9935,947,424,523,428,231,197,366,215,151,TN,5
2376,221768,7669,3028,4641,19,9,10,70,36,34,968,345,623,242,99,143,0,0,0,6088,2425,3663,206,85,121,0,0,0,76,29,47,TN,5
2377,221838,6467,2481,3986,11,3,8,69,26,43,4684,1682,3002,123,41,82,0,0,0,712,321,391,409,139,270,96,36,60,363,233,130,TN,5
2378,221847,9646,5270,4376,18,8,10,166,100,66,363,230,133,354,203,151,4,2,2,7987,4258,3729,415,240,175,81,42,39,258,187,71,TN,5
2379,221892,2473,952,1521,9,3,6,32,8,24,342,107,235,244,94,150,1,0,1,1472,588,884,66,23,43,114,32,82,193,97,96,TN,5
2380,221908,7549,3459,4090,28,15,13,65,26,39,193,81,112,246,104,142,8,4,4,6669,3051,3618,218,105,113,117,70,47,5,3,2,TN,5
2381,221953,1709,755,954,11,5,6,12,4,8,219,136,83,67,31,36,3,2,1,1168,430,738,22,6,16,139,91,48,68,50,18,TN,5
2382,221971,2431,808,1623,27,7,20,51,16,35,467,122,345,45,13,32,2,0,2,1686,578,1108,0,0,0,108,45,63,45,27,18,TN,5
2383,221999,6998,3399,3599,31,14,17,997,542,455,778,346,432,700,334,366,23,12,11,3062,1459,1603,387,168,219,333,169,164,687,355,332,TN,5
2384,222053,11761,4457,7304,30,13,17,167,93,74,999,343,656,816,308,508,17,6,11,8933,3361,5572,379,146,233,393,172,221,27,15,12,TN,5
2385,222062,7726,2814,4912,23,11,12,92,43,49,171,73,98,402,158,244,7,3,4,6798,2426,4372,185,78,107,22,12,10,26,10,16,TN,5
2386,222178,3755,1476,2279,16,5,11,49,20,29,352,170,182,700,228,472,17,3,14,2307,906,1401,171,72,99,18,10,8,125,62,63,TX,6
2387,222567,8414,3712,4702,76,35,41,574,253,321,1214,527,687,2971,1286,1685,10,7,3,3323,1488,1835,0,0,0,108,67,41,138,49,89,TX,6
2388,222576,12389,4374,8015,93,40,53,405,143,262,675,224,451,5241,1763,3478,9,5,4,5491,2013,3478,323,132,191,152,54,98,0,0,0,TX,6
2389,222628,365,176,189,1,0,1,43,15,28,90,50,40,41,15,26,2,2,0,132,64,68,0,0,0,4,1,3,52,29,23,TX,6
2390,222822,5944,2066,3878,36,8,28,59,19,40,826,228,598,1769,669,1100,9,5,4,2992,1028,1964,159,62,97,38,17,21,56,30,26,TX,6
2391,222831,9962,4105,5857,31,11,20,142,52,90,533,273,260,3780,1443,2337,12,7,5,4790,2037,2753,351,149,202,27,5,22,296,128,168,TX,6
2392,222877,159,98,61,2,0,2,1,1,0,45,27,18,27,19,8,1,1,0,82,49,33,0,0,0,0,0,0,1,1,0,TX,6
2393,222938,1068,497,571,8,7,1,33,21,12,428,173,255,321,172,149,12,5,7,208,98,110,2,0,2,17,11,6,39,10,29,TX,6
2394,222983,1306,628,678,6,6,0,165,75,90,131,71,60,314,132,182,4,2,2,622,304,318,41,25,16,7,5,2,16,8,8,TX,6
2395,222992,63569,27073,36496,312,142,170,5058,2244,2814,4814,1880,2934,22927,9166,13761,120,58,62,26707,11984,14723,2424,1087,1337,462,199,263,745,313,432,TX,6
2396,223083,1004,165,839,4,1,3,19,3,16,67,12,55,360,72,288,4,1,3,271,40,231,260,31,229,19,5,14,0,0,0,TX,6
2397,223117,91,80,11,0,0,0,0,0,0,16,14,2,22,18,4,0,0,0,46,42,4,0,0,0,4,4,0,3,2,1,TX,6
2398,223232,14614,5938,8676,54,19,35,1032,430,602,831,320,511,2280,913,1367,16,5,11,8912,3538,5374,665,283,382,78,31,47,746,399,347,TX,6
2399,223320,6588,2554,4034,30,11,19,47,20,27,128,61,67,4950,1877,3073,4,3,1,1292,507,785,55,24,31,82,51,31,0,0,0,TX,6
2400,223427,29010,13388,15622,154,83,71,912,475,437,2367,1156,1211,6485,2854,3631,32,18,14,17496,8086,9410,1053,484,569,430,189,241,81,43,38,TX,6
2401,223463,1036,285,751,2,1,1,13,8,5,384,94,290,425,127,298,4,0,4,175,48,127,30,6,24,1,0,1,2,1,1,TX,6
2402,223472,416,49,367,0,0,0,3,2,1,38,6,32,174,15,159,0,0,0,146,12,134,37,12,25,18,2,16,0,0,0,TX,6
2403,223506,5805,2734,3071,18,12,6,80,40,40,381,185,196,2491,1140,1351,2,2,0,2559,1233,1326,184,72,112,88,49,39,2,1,1,TX,6
2404,223816,22886,11134,11752,134,69,65,799,412,387,6099,2883,3216,6202,2955,3247,313,136,177,7284,3718,3566,1188,521,667,794,407,387,73,33,40,TX,6
2405,223898,4876,1796,3080,17,7,10,59,31,28,414,191,223,1286,405,881,42,23,19,2712,1003,1709,201,89,112,125,36,89,20,11,9,TX,6
2406,223922,3183,1684,1499,31,19,12,22,9,13,459,364,95,597,262,335,6,4,2,1441,722,719,0,0,0,529,233,296,98,71,27,TX,6
2407,224004,2541,790,1751,18,6,12,110,25,85,319,109,210,827,226,601,5,0,5,1066,349,717,84,34,50,110,40,70,2,1,1,TX,6
2408,224110,14346,6052,8294,87,37,50,644,280,364,1232,468,764,3361,1380,1981,12,3,9,8033,3458,4575,559,226,333,43,24,19,375,176,199,TX,6
2409,224147,10660,4259,6401,21,7,14,290,142,148,508,213,295,5486,1966,3520,3,2,1,3777,1653,2124,252,94,158,98,54,44,225,128,97,TX,6
2410,224226,3258,1382,1876,13,5,8,81,31,50,322,137,185,576,229,347,7,3,4,1932,822,1110,54,21,33,0,0,0,273,134,139,TX,6
2411,224244,232,138,94,3,3,0,5,2,3,58,27,31,33,22,11,0,0,0,101,66,35,28,15,13,3,2,1,1,1,0,TX,6
2412,224271,499,148,351,9,2,7,4,1,3,126,54,72,63,12,51,0,0,0,264,72,192,24,5,19,9,2,7,0,0,0,TX,6
2413,224323,1538,721,817,4,3,1,104,46,58,30,16,14,378,155,223,1,0,1,908,439,469,44,22,22,22,9,13,47,31,16,TX,6
2414,224350,16007,6619,9388,38,18,20,346,147,199,466,217,249,11066,4421,6645,25,15,10,3686,1625,2061,151,67,84,171,74,97,58,35,23,TX,6
2415,224527,1566,699,867,11,7,4,13,3,10,283,169,114,222,89,133,3,1,2,950,385,565,62,29,33,11,7,4,11,9,2,TX,6
2416,224545,2087,772,1315,16,4,12,25,9,16,363,105,258,298,103,195,2,2,0,1128,428,700,99,42,57,64,29,35,92,50,42,TX,6
2417,224554,9806,4007,5799,48,24,24,223,127,96,2027,799,1228,2151,824,1327,18,9,9,4238,1709,2529,679,286,393,95,41,54,327,188,139,TX,6
2418,224615,125613,51974,73639,365,146,219,12105,5800,6305,25767,9316,16451,54622,22030,32592,91,48,43,24590,11125,13465,2291,921,1370,5373,2347,3026,409,241,168,TX,6
2419,224642,37636,15982,21654,105,47,58,238,103,135,737,331,406,31485,13124,18361,37,18,19,2688,1221,1467,126,54,72,1578,694,884,642,390,252,TX,6
2420,224660,801,472,329,7,5,2,7,4,3,69,49,20,506,275,231,4,2,2,135,92,43,69,41,28,4,4,0,0,0,0,TX,6
2421,224679,1935,1650,285,13,10,3,5,5,0,83,75,8,1466,1245,221,5,4,1,270,240,30,86,65,21,7,6,1,0,0,0,TX,6
2422,224776,719,371,348,9,3,6,24,8,16,227,124,103,166,92,74,5,1,4,234,112,122,2,1,1,38,23,15,14,7,7,TX,6
2423,224891,1678,765,913,42,23,19,11,5,6,57,24,33,651,277,374,1,0,1,831,391,440,0,0,0,77,39,38,8,6,2,TX,6
2424,224961,3281,1258,2023,11,7,4,112,44,68,485,139,346,1256,463,793,6,1,5,1269,529,740,56,26,30,68,38,30,18,11,7,TX,6
2425,225070,6517,2523,3994,302,129,173,135,47,88,591,201,390,885,348,537,23,12,11,4435,1738,2697,0,0,0,103,31,72,43,17,26,TX,6
2426,225201,1228,843,385,8,4,4,34,23,11,150,104,46,567,360,207,6,4,2,392,296,96,51,37,14,20,15,5,0,0,0,TX,6
2427,225247,1830,863,967,9,5,4,36,15,21,202,127,75,364,170,194,1,0,1,1080,479,601,65,34,31,13,7,6,60,26,34,TX,6
2428,225308,8188,2851,5337,52,13,39,64,26,38,1035,459,576,1779,626,1153,17,5,12,4568,1403,3165,239,95,144,376,186,190,58,38,20,TX,6
2429,225371,6683,2620,4063,27,9,18,242,108,134,300,102,198,676,265,411,11,4,7,3931,1591,2340,1389,499,890,96,36,60,11,6,5,TX,6
2430,225399,3202,1086,2116,11,2,9,242,80,162,658,217,441,1066,326,740,5,3,2,749,271,478,99,36,63,244,102,142,128,49,79,TX,6
2431,225414,8080,3067,5013,16,4,12,588,294,294,611,205,406,3414,1155,2259,6,2,4,2985,1200,1785,260,107,153,98,48,50,102,52,50,TX,6
2432,225423,81256,32828,48428,124,51,73,8682,4047,4635,22964,7746,15218,28474,11524,16950,110,55,55,10597,4923,5674,1582,626,956,1584,708,876,7139,3148,3991,TX,6
2433,225432,16016,6317,9699,33,12,21,1406,752,654,3052,1027,2025,7903,2899,5004,24,11,13,2313,1063,1250,264,115,149,146,58,88,875,380,495,TX,6
2434,225502,4005,1397,2608,2,1,1,238,99,139,609,199,410,1669,540,1129,5,4,1,1247,451,796,99,31,68,34,14,20,102,58,44,TX,6
2435,225511,42607,21182,21425,44,24,20,9376,4884,4492,4320,1986,2334,15220,7191,8029,37,18,19,9559,5073,4486,1396,688,708,967,447,520,1688,871,817,TX,6
2436,225520,5228,1911,3317,28,6,22,50,25,25,152,75,77,2527,882,1645,2,2,0,2257,863,1394,139,43,96,47,9,38,26,6,20,TX,6
2437,225548,1177,632,545,7,1,6,8,3,5,135,104,31,297,138,159,2,0,2,611,315,296,32,17,15,85,54,31,0,0,0,TX,6
2438,225575,1270,462,808,6,1,5,5,1,4,812,294,518,343,116,227,1,0,1,60,34,26,8,1,7,9,1,8,26,14,12,TX,6
2439,225627,6991,2811,4180,27,13,14,166,72,94,539,300,239,3589,1276,2313,25,8,17,1210,541,669,151,70,81,972,371,601,312,160,152,TX,6
2440,225876,1175,548,627,5,1,4,19,6,13,218,115,103,306,119,187,2,1,1,333,133,200,32,16,16,223,144,79,37,13,24,TX,6
2441,225885,891,413,478,19,7,12,1,1,0,694,314,380,101,49,52,1,1,0,17,13,4,4,0,4,51,28,23,3,0,3,TX,6
2442,225991,168,98,70,0,0,0,3,3,0,52,27,25,32,21,11,0,0,0,60,36,24,12,9,3,7,2,5,2,0,2,TX,6
2443,226019,7250,2813,4437,38,14,24,69,31,38,1549,577,972,1564,627,937,3,1,2,3593,1380,2213,246,87,159,27,12,15,161,84,77,TX,6
2444,226091,10416,4223,6193,34,13,21,528,270,258,2520,877,1643,2109,836,1273,12,5,7,4438,1883,2555,329,125,204,317,132,185,129,82,47,TX,6
2445,226107,3324,1021,2303,11,4,7,54,21,33,680,138,542,280,114,166,2,1,1,2282,737,1545,0,0,0,15,6,9,0,0,0,TX,6
2446,226116,3183,1179,2004,6,3,3,164,68,96,968,316,652,1039,435,604,1,1,0,932,329,603,40,13,27,31,13,18,2,1,1,TX,6
2447,226134,13705,6048,7657,8,4,4,33,15,18,17,7,10,13345,5871,7474,1,0,1,202,101,101,11,8,3,83,38,45,5,4,1,TX,6
2448,226152,8159,3211,4948,4,2,2,27,14,13,33,15,18,7504,2926,4578,1,0,1,156,73,83,16,4,12,16,7,9,402,170,232,TX,6
2449,226204,10941,5654,5287,24,11,13,226,111,115,1709,901,808,4702,2343,2359,0,0,0,3816,2081,1735,290,132,158,164,72,92,10,3,7,TX,6
2450,226231,3608,1925,1683,23,16,7,33,19,14,262,85,177,284,124,160,5,2,3,1560,912,648,145,77,68,1117,568,549,179,122,57,TX,6
2451,226277,1594,1510,84,8,8,0,13,12,1,304,289,15,674,644,30,3,3,0,483,450,33,35,34,1,74,70,4,0,0,0,TX,6
2452,226383,1628,641,987,19,6,13,23,10,13,60,30,30,347,112,235,5,2,3,1053,423,630,20,7,13,65,24,41,36,27,9,TX,6
2453,226408,6228,2435,3793,26,10,16,182,86,96,1050,368,682,1997,759,1238,9,3,6,2707,1103,1604,134,52,82,107,46,61,16,8,8,TX,6
2454,226471,3622,1278,2344,20,6,14,59,17,42,500,248,252,832,271,561,6,4,2,1919,622,1297,116,45,71,134,50,84,36,15,21,TX,6
2455,226578,13631,4586,9045,28,12,16,355,186,169,1631,451,1180,4102,1311,2791,10,3,7,6904,2415,4489,488,163,325,111,44,67,2,1,1,TX,6
2456,226587,1333,658,675,7,4,3,17,9,8,187,108,79,374,187,187,3,0,3,638,285,353,46,26,20,20,8,12,41,31,10,TX,6
2457,226806,8950,3537,5413,41,14,27,400,213,187,475,170,305,3439,1292,2147,7,1,6,3337,1321,2016,132,58,74,755,320,435,364,148,216,TX,6
2458,226833,6063,2266,3797,42,11,31,178,87,91,880,367,513,1215,458,757,12,8,4,2885,1014,1871,256,82,174,64,25,39,531,214,317,TX,6
2459,226879,266,50,216,4,2,2,6,0,6,101,17,84,34,6,28,1,0,1,93,18,75,10,2,8,16,5,11,1,0,1,TX,6
2460,227146,10877,4154,6723,49,27,22,107,44,63,1900,764,1136,1954,692,1262,30,14,16,6189,2335,3854,395,163,232,159,68,91,94,47,47,TX,6
2461,227182,102989,41323,61666,183,80,103,7784,3607,4177,14155,4854,9301,39699,15737,23962,0,0,0,31760,13183,18577,3766,1527,2239,2149,931,1218,3493,1404,2089,TX,6
2462,227216,36663,17428,19235,116,53,63,2597,1290,1307,5095,2204,2891,9575,4387,5188,26,15,11,15513,7589,7924,1742,761,981,284,177,107,1715,952,763,TX,6
2463,227225,4462,1581,2881,22,7,15,67,35,32,495,151,344,1260,449,811,4,0,4,2372,835,1537,105,39,66,15,5,10,122,60,62,TX,6
2464,227304,10162,3972,6190,46,19,27,152,65,87,853,464,389,6061,2220,3841,8,5,3,2676,1003,1673,86,45,41,166,80,86,114,71,43,TX,6
2465,227331,1434,456,978,5,3,2,5,1,4,90,28,62,1120,331,789,1,0,1,126,49,77,15,7,8,40,14,26,32,23,9,TX,6
2466,227368,35593,14885,20708,13,2,11,395,212,183,179,95,84,32823,13524,19299,17,9,8,867,432,435,94,54,40,585,232,353,620,325,295,TX,6
2467,227377,11753,5071,6682,12,8,4,40,20,20,18,8,10,10996,4700,6296,2,2,0,348,179,169,45,22,23,258,115,143,34,17,17,TX,6
2468,227386,3364,1131,2233,9,3,6,29,16,13,658,146,512,516,178,338,0,0,0,2044,751,1293,71,24,47,0,0,0,37,13,24,TX,6
2469,227401,6822,2548,4274,102,33,69,86,31,55,653,246,407,1240,491,749,14,4,10,4431,1633,2798,177,69,108,73,23,50,46,18,28,TX,6
2470,227429,638,275,363,3,0,3,0,0,0,509,210,299,111,57,54,0,0,0,8,2,6,0,0,0,0,0,0,7,6,1,TX,6
2471,227526,9100,3180,5920,23,9,14,148,86,62,7660,2554,5106,823,307,516,7,2,5,127,74,53,164,60,104,31,17,14,117,71,46,TX,6
2472,227687,3050,1243,1807,11,5,6,19,12,7,123,69,54,835,351,484,1,0,1,1875,697,1178,97,44,53,19,14,5,70,51,19,TX,6
2473,227757,4421,2282,2139,4,2,2,1182,525,657,312,163,149,696,399,297,6,3,3,1423,788,635,202,97,105,64,33,31,532,272,260,TX,6
2474,227845,3615,1377,2238,22,7,15,105,36,69,143,46,97,1638,556,1082,6,1,5,1302,536,766,99,41,58,40,23,17,260,131,129,TX,6
2475,227854,21553,8969,12584,68,36,32,484,190,294,2109,804,1305,12782,5217,7565,26,7,19,4718,2075,2643,777,313,464,560,318,242,29,9,20,TX,6
2476,227863,2313,889,1424,5,3,2,281,102,179,167,58,109,1064,341,723,4,1,3,495,265,230,51,18,33,88,41,47,158,60,98,TX,6
2477,227881,20652,7857,12795,142,54,88,427,158,269,3640,1308,2332,5016,1711,3305,25,11,14,10120,4099,6021,686,268,418,348,119,229,248,129,119,TX,6
2478,227924,29732,11451,18281,88,39,49,804,320,484,2133,862,1271,18554,6908,11646,26,11,15,6892,2828,4064,1081,419,662,40,21,19,114,43,71,TX,6
2479,227979,42923,17431,25492,82,33,49,2502,1196,1306,4067,1382,2685,25106,9948,15158,38,15,23,9516,4123,5393,851,367,484,399,185,214,362,182,180,TX,6
2480,228042,1379,583,796,5,4,1,19,9,10,50,27,23,549,225,324,2,1,1,708,295,413,31,14,17,4,2,2,11,6,5,TX,6
2481,228149,2387,1058,1329,5,4,1,58,22,36,76,34,42,1603,666,937,2,1,1,363,186,177,30,12,18,105,49,56,145,84,61,TX,6
2482,228158,12258,5094,7164,145,62,83,208,99,109,752,297,455,5739,2131,3608,16,8,8,5293,2447,2846,0,0,0,38,14,24,67,36,31,TX,6
2483,228246,7147,3640,3507,16,7,9,520,253,267,325,177,148,880,405,475,3,0,3,4550,2349,2201,291,134,157,39,24,15,523,291,232,TX,6
2484,228316,8791,3529,5262,39,12,27,33,15,18,86,57,29,7574,2978,4596,4,1,3,899,396,503,43,24,19,113,46,67,0,0,0,TX,6
2485,228325,2000,942,1058,91,41,50,16,7,9,255,169,86,345,141,204,9,6,3,1136,518,618,119,47,72,7,4,3,22,9,13,TX,6
2486,228343,1562,706,856,5,4,1,59,14,45,84,40,44,364,165,199,1,1,0,947,431,516,65,32,33,14,7,7,23,12,11,TX,6
2487,228431,12800,4696,8104,60,18,42,169,63,106,1871,671,1200,2479,850,1629,8,3,5,7511,2824,4687,479,178,301,137,51,86,86,38,48,TX,6
2488,228459,37202,15702,21500,94,48,46,956,418,538,3531,1446,2085,14790,5890,8900,45,19,26,16124,7198,8926,1407,551,856,70,35,35,185,97,88,TX,6
2489,228468,811,298,513,1,1,0,34,13,21,101,44,57,344,122,222,7,6,1,202,71,131,36,12,24,36,6,30,50,23,27,TX,6
2490,228486,117,57,60,0,0,0,0,0,0,105,54,51,7,2,5,0,0,0,2,1,1,3,0,3,0,0,0,0,0,0,TX,6
2491,228501,2167,863,1304,11,1,10,9,3,6,119,80,39,1452,501,951,2,0,2,486,230,256,62,38,24,25,10,15,1,0,1,TX,6
2492,228529,12825,4895,7930,55,15,40,178,67,111,1062,444,618,2780,938,1842,17,11,6,8122,3178,4944,471,183,288,65,31,34,75,28,47,TX,6
2493,228547,75402,30579,44823,261,106,155,5257,2432,2825,13347,4826,8521,25489,9785,15704,113,53,60,26356,11384,14972,2587,1048,1539,1394,669,725,598,276,322,TX,6
2494,228608,7008,2442,4566,60,41,19,149,61,88,1103,321,782,1992,649,1343,24,8,16,3402,1269,2133,31,10,21,246,83,163,1,0,1,TX,6
2495,228644,1230,473,757,1,1,0,90,28,62,58,17,41,622,235,387,0,0,0,408,176,232,27,7,20,11,6,5,13,3,10,TX,6
2496,228653,959,155,804,0,0,0,188,39,149,67,14,53,196,34,162,0,0,0,433,44,389,32,5,27,8,1,7,35,18,17,TX,6
2497,228699,5446,2009,3437,37,15,22,71,33,38,1251,342,909,439,195,244,3,2,1,3269,1280,1989,243,86,157,73,33,40,60,23,37,TX,6
2498,228705,6852,3405,3447,6,1,5,64,39,25,288,193,95,5069,2344,2725,11,8,3,1026,553,473,79,41,38,24,15,9,285,211,74,TX,6
2499,228723,56517,29963,26554,114,71,43,4697,2777,1920,1526,750,776,13995,7046,6949,43,25,18,33367,17713,15654,1839,948,891,105,64,41,831,569,262,TX,6
2500,228769,43756,15804,27952,111,30,81,5073,2316,2757,6773,1850,4923,12879,4604,8275,55,15,40,14545,4973,9572,1538,563,975,1008,387,621,1774,1066,708,TX,6
2501,228778,42419,19366,23053,60,32,28,9387,4667,4720,1791,685,1106,10355,4240,6115,33,18,15,16434,7609,8825,1603,714,889,361,183,178,2395,1218,1177,TX,6
2502,228787,22409,12694,9715,26,18,8,7735,4100,3635,1243,630,613,4122,2232,1890,37,21,16,6792,4227,2565,917,554,363,544,308,236,993,604,389,TX,6
2503,228796,24745,11331,13414,37,16,21,207,97,110,636,359,277,20845,9215,11630,35,20,15,1421,715,706,235,123,112,135,64,71,1194,722,472,TX,6
2504,228802,8258,3434,4824,25,9,16,331,163,168,834,284,550,1763,763,1000,5,2,3,4718,1920,2798,272,106,166,101,58,43,209,129,80,TX,6
2505,228875,9752,4081,5671,58,22,36,283,120,163,525,243,282,1429,565,864,20,9,11,6606,2693,3913,202,84,118,155,81,74,474,264,210,TX,6
2506,228884,1062,575,487,3,1,2,7,6,1,867,453,414,102,61,41,1,1,0,31,18,13,18,12,6,0,0,0,33,23,10,TX,6
2507,228981,1535,748,787,3,1,2,12,7,5,137,99,38,614,264,350,2,1,1,705,342,363,27,15,12,26,15,11,9,4,5,TX,6
2508,229018,7278,2790,4488,20,6,14,220,94,126,442,218,224,3453,1343,2110,32,31,1,2748,939,1809,153,53,100,94,33,61,116,73,43,TX,6
2509,229027,31261,15537,15724,49,32,17,1768,896,872,2637,1189,1448,18012,8693,9319,51,32,19,6959,3745,3214,1114,576,538,145,70,75,526,304,222,TX,6
2510,229063,7884,3222,4662,6,2,4,110,52,58,6458,2480,3978,636,279,357,5,0,5,108,65,43,197,68,129,0,0,0,364,276,88,TX,6
2511,229115,34272,17783,16489,137,72,65,1013,548,465,2236,1206,1030,10128,5032,5096,25,19,6,18363,9525,8838,1123,549,574,245,145,100,1002,687,315,TX,6
2512,229160,2046,921,1125,19,8,11,29,10,19,353,163,190,601,225,376,5,3,2,613,285,328,150,58,92,49,33,16,227,136,91,TX,6
2513,229179,12463,1658,10805,45,7,38,1105,202,903,2094,163,1931,3839,446,3393,7,0,7,4609,724,3885,471,65,406,82,15,67,211,36,175,TX,6
2514,229267,2624,1239,1385,10,5,5,201,83,118,103,59,44,566,241,325,2,2,0,1467,702,765,124,63,61,42,20,22,109,64,45,TX,6
2515,229300,1194,163,1031,3,0,3,268,44,224,171,24,147,318,39,279,2,1,1,356,43,313,39,7,32,17,2,15,20,3,17,TX,6
2516,229337,2525,405,2120,33,5,28,135,47,88,224,41,183,658,113,545,0,0,0,1406,190,1216,0,0,0,47,8,39,22,1,21,TX,6
2517,229355,16990,6401,10589,61,27,34,310,145,165,2941,1092,1849,4131,1515,2616,17,8,9,8442,3146,5296,705,282,423,263,123,140,120,63,57,TX,6
2518,229504,3833,1340,2493,20,8,12,101,46,55,320,95,225,933,304,629,6,3,3,2286,821,1465,140,48,92,20,10,10,7,5,2,TX,6
2519,229540,4687,1466,3221,14,5,9,98,39,59,260,72,188,2323,704,1619,5,1,4,1895,622,1273,70,21,49,17,2,15,5,0,5,TX,6
2520,229780,4270,2111,2159,38,18,20,98,52,46,757,361,396,1355,611,744,141,51,90,1484,806,678,193,99,94,153,81,72,51,32,19,TX,6
2521,229799,7800,2767,5033,59,22,37,62,26,36,205,63,142,1516,538,978,5,1,4,5583,1965,3618,221,86,135,77,31,46,72,35,37,TX,6
2522,229814,8271,3517,4754,40,17,23,137,50,87,422,218,204,2591,1084,1507,8,5,3,4553,1895,2658,278,116,162,113,51,62,129,81,48,TX,6
2523,229832,4662,2383,2279,9,8,1,364,208,156,190,114,76,1258,608,650,2,0,2,2585,1308,1277,147,73,74,0,0,0,107,64,43,TX,6
2524,229841,9521,4064,5457,13,6,7,1378,691,687,1190,510,680,3885,1497,2388,12,6,6,2886,1274,1612,124,60,64,29,17,12,4,3,1,TX,6
2525,229887,881,393,488,5,4,1,2,2,0,719,299,420,31,21,10,0,0,0,35,32,3,18,4,14,36,14,22,35,17,18,TX,6
2526,230038,35850,17859,17991,80,38,42,691,339,352,147,85,62,2655,1273,1382,240,122,118,28893,14432,14461,1593,728,865,358,205,153,1193,637,556,UT,7
2527,230047,3583,1372,2211,11,3,8,155,69,86,9,2,7,169,64,105,287,109,178,1102,382,720,284,91,193,202,72,130,1364,580,784,HI,8
2528,230056,349,113,236,4,1,3,10,3,7,12,6,6,38,6,32,4,1,3,224,70,154,4,4,0,53,22,31,0,0,0,UT,7
2529,230171,13408,5836,7572,134,47,87,130,56,74,230,129,101,1601,663,938,201,110,91,10226,4379,5847,540,266,274,162,83,79,184,103,81,UT,7
2530,230366,336,49,287,5,0,5,10,1,9,19,4,15,45,4,41,7,0,7,229,37,192,5,0,5,16,3,13,0,0,0,UT,7
2531,230418,2516,1381,1135,4,3,1,31,15,16,17,13,4,428,244,184,28,18,10,1093,574,519,88,44,44,45,26,19,782,444,338,UT,7
2532,230597,5909,2682,3227,75,35,40,37,13,24,67,54,13,415,188,227,91,74,17,4886,2132,2754,112,45,67,9,4,5,217,137,80,UT,7
2533,230603,14438,5516,8922,153,51,102,175,64,111,207,115,92,828,330,498,144,66,78,10180,3634,6546,156,61,95,1695,668,1027,900,527,373,UT,7
2534,230621,213,60,153,4,1,3,2,1,1,4,2,2,38,9,29,3,1,2,119,30,89,41,15,26,2,1,1,0,0,0,UT,7
2535,230728,29335,13157,16178,573,170,403,308,113,195,234,114,120,1983,767,1216,99,55,44,23933,10899,13034,704,329,375,1215,533,682,286,177,109,UT,7
2536,230737,44486,23401,21085,209,106,103,642,301,341,443,265,178,5427,2594,2833,349,200,149,34520,18299,16221,1577,837,740,437,278,159,882,521,361,UT,7
2537,230746,41955,19614,22341,291,147,144,1576,713,863,900,447,453,8054,3366,4688,461,189,272,27067,12767,14300,1495,706,789,1710,1073,637,401,206,195,UT,7
2538,230764,29205,15048,14157,118,53,65,1637,817,820,385,193,192,3846,1701,2145,136,62,74,18587,9943,8644,1543,766,777,1293,540,753,1660,973,687,UT,7
2539,230782,35772,15690,20082,147,57,90,658,288,370,561,267,294,4069,1589,2480,223,96,127,26337,11735,14602,1480,617,863,1935,829,1106,362,212,150,UT,7
2540,230807,1877,727,1150,6,0,6,54,16,38,46,21,25,227,78,149,8,3,5,1305,513,792,88,32,56,58,19,39,85,45,40,UT,7
2541,230816,775,275,500,2,1,1,9,2,7,29,15,14,82,28,54,1,0,1,442,155,287,27,7,20,35,9,26,148,58,90,VT,1
2542,230834,2321,1053,1268,10,4,6,33,14,19,90,61,29,61,33,28,4,1,3,1839,807,1032,58,23,35,161,81,80,65,29,36,VT,1
2543,230852,4916,2945,1971,16,9,7,180,106,74,377,189,188,447,271,176,5,2,3,3260,1987,1273,182,97,85,434,276,158,15,8,7,VT,1
2544,230861,9251,2975,6276,48,17,31,148,60,88,238,97,141,301,120,181,3,1,2,7504,2339,5165,462,148,314,325,97,228,222,96,126,VT,1
2545,230889,199,48,151,7,0,7,1,0,1,14,3,11,4,1,3,0,0,0,85,23,62,7,2,5,79,19,60,2,0,2,VT,1
2546,230913,2406,962,1444,9,3,6,19,4,15,77,44,33,81,42,39,5,2,3,1881,740,1141,93,30,63,231,96,135,10,1,9,VT,1
2547,230959,3833,1769,2064,3,2,1,252,97,155,146,64,82,343,172,171,1,0,1,2278,1051,1227,180,70,110,213,107,106,417,206,211,VT,1
2548,230977,73,45,28,0,0,0,2,1,1,10,7,3,5,3,2,0,0,0,49,30,19,0,0,0,5,4,1,2,0,2,VT,1
2549,230995,3677,2808,869,24,19,5,115,91,24,194,155,39,373,269,104,6,5,1,2535,1947,588,159,109,50,162,133,29,109,80,29,VT,1
2550,231059,1860,858,1002,2,1,1,30,11,19,48,27,21,105,55,50,2,1,1,1470,650,820,46,24,22,94,48,46,63,41,22,VT,1
2551,231095,200,95,105,2,2,0,4,1,3,2,1,1,5,2,3,0,0,0,114,51,63,5,3,2,59,33,26,9,2,7,VT,1
2552,231165,2180,1111,1069,6,4,2,47,19,28,55,27,28,47,23,24,0,0,0,1853,953,900,65,28,37,72,39,33,35,18,17,VT,1
2553,231174,13499,5432,8067,15,7,8,405,138,267,179,75,104,574,204,370,4,0,4,10901,4355,6546,428,162,266,409,155,254,584,336,248,VT,1
2554,231420,932,521,411,6,3,3,9,3,6,260,173,87,38,16,22,5,2,3,509,255,254,37,21,16,6,3,3,62,45,17,VA,5
2555,231536,5357,2180,3177,11,4,7,119,58,61,298,137,161,658,277,381,3,1,2,3805,1508,2297,176,63,113,240,110,130,47,22,25,VA,5
2556,231554,934,438,496,2,0,2,2,0,2,165,118,47,47,33,14,1,1,0,531,202,329,33,19,14,137,51,86,16,14,2,VA,5
2557,231581,1744,780,964,6,1,5,19,3,16,267,141,126,125,54,71,3,1,2,1134,493,641,105,42,63,48,24,24,37,21,16,VA,5
2558,231624,6760,2829,3931,11,3,8,556,264,292,446,171,275,646,219,427,5,3,2,3934,1684,2250,383,157,226,324,142,182,455,186,269,VA,5
2559,231651,5734,2243,3491,24,8,16,78,29,49,1571,526,1045,543,211,332,21,9,12,3018,1304,1714,261,84,177,194,60,134,24,12,12,VA,5
2560,231697,5266,2352,2914,22,14,8,91,48,43,933,333,600,207,89,118,6,3,3,3668,1698,1970,225,97,128,99,65,34,15,5,10,VA,5
2561,231712,4969,2207,2762,13,8,5,172,73,99,304,149,155,303,130,173,6,2,4,3797,1675,2122,261,121,140,94,41,53,19,8,11,VA,5
2562,231785,2474,417,2057,12,1,11,53,8,45,1564,265,1299,107,11,96,8,2,6,587,103,484,116,23,93,26,4,22,1,0,1,VA,5
2563,231873,1446,625,821,5,2,3,12,8,4,100,65,35,46,21,25,3,1,2,1208,497,711,51,19,32,19,11,8,2,1,1,VA,5
2564,231882,3838,1627,2211,14,8,6,48,21,27,1153,350,803,169,71,98,1,0,1,2247,1079,1168,150,70,80,42,22,20,14,6,8,VA,5
2565,232016,240,50,190,6,2,4,4,2,2,135,23,112,19,5,14,3,1,2,43,7,36,26,9,17,4,1,3,0,0,0,VA,5
2566,232025,1064,520,544,0,0,0,5,2,3,94,80,14,34,18,16,2,1,1,848,381,467,37,19,18,39,19,20,5,0,5,VA,5
2567,232043,1127,420,707,1,0,1,28,17,11,92,48,44,85,23,62,3,1,2,781,271,510,55,20,35,46,21,25,36,19,17,VA,5
2568,232052,851,334,517,1,0,1,11,3,8,274,70,204,105,46,59,3,1,2,394,183,211,32,13,19,26,14,12,5,4,1,VA,5
2569,232089,1086,615,471,7,1,6,2,1,1,319,216,103,58,36,22,4,3,1,567,288,279,73,36,37,29,12,17,27,22,5,VA,5
2570,232186,35884,17475,18409,104,37,67,6968,3615,3353,3902,1670,2232,5426,2324,3102,89,43,46,14275,7195,7080,1603,775,828,1484,707,777,2033,1109,924,VA,5
2571,232195,9725,3752,5973,38,17,21,312,127,185,1518,565,953,1275,471,804,27,8,19,5667,2220,3447,632,231,401,197,90,107,59,23,36,VA,5
2572,232256,1003,998,5,3,3,0,7,7,0,51,51,0,45,44,1,0,0,0,843,840,3,29,28,1,22,22,0,3,3,0,VA,5
2573,232265,4076,1418,2658,11,7,4,5,2,3,3860,1318,2542,57,24,33,2,2,0,48,24,24,0,0,0,0,0,0,93,41,52,VA,5
2574,232308,687,2,685,1,0,1,15,0,15,65,0,65,54,0,54,3,0,3,421,0,421,47,0,47,11,2,9,70,0,70,VA,5
2575,232414,12772,4969,7803,44,19,25,831,379,452,3903,1230,2673,1018,377,641,23,10,13,6051,2569,3482,505,201,304,244,130,114,153,54,99,VA,5
2576,232423,21818,9373,12445,26,9,17,1098,510,588,1142,475,667,1525,670,855,26,15,11,16112,6787,9325,1016,472,544,448,199,249,425,236,189,VA,5
2577,232450,13603,5696,7907,39,17,22,503,239,264,2941,1081,1860,1390,585,805,23,12,11,7676,3334,4342,687,264,423,248,126,122,96,38,58,VA,5
2578,232557,64882,27655,37227,328,126,202,884,389,495,7344,2620,4724,4164,1780,2384,176,73,103,34019,14658,19361,1857,732,1125,15496,6942,8554,614,335,279,VA,5
2579,232566,5028,1635,3393,12,2,10,248,92,156,451,169,282,286,81,205,4,1,3,3493,1100,2393,200,62,138,214,68,146,120,60,60,VA,5
2580,232575,8778,3245,5533,21,11,10,173,71,102,394,113,281,960,360,600,12,3,9,6582,2402,4180,352,141,211,220,119,101,64,25,39,VA,5
2581,232609,2160,817,1343,7,1,6,29,13,16,236,99,137,123,48,75,1,1,0,1572,592,980,56,19,37,105,32,73,31,12,19,VA,5
2582,232618,608,64,544,0,0,0,18,5,13,133,21,112,43,13,30,5,0,5,399,25,374,10,0,10,0,0,0,0,0,0,VA,5
2583,232672,1707,298,1409,6,0,6,22,6,16,338,60,278,125,18,107,1,0,1,775,142,633,59,14,45,359,52,307,22,6,16,VA,5
2584,232681,4713,1664,3049,10,5,5,179,65,114,344,125,219,478,169,309,5,1,4,3240,1131,2109,250,90,160,151,52,99,56,26,30,VA,5
2585,232706,2541,897,1644,5,1,4,201,71,130,371,116,255,527,167,360,5,2,3,818,277,541,85,26,59,119,34,85,410,203,207,VA,5
2586,232724,36,3,33,0,0,0,0,0,0,3,0,3,1,0,1,0,0,0,31,3,28,1,0,1,0,0,0,0,0,0,VA,5
2587,232788,3124,1203,1921,9,7,2,12,4,8,56,29,27,40,15,25,3,3,0,2937,1115,1822,47,20,27,18,9,9,2,1,1,VA,5
2588,232797,1094,100,994,2,0,2,6,4,2,358,25,333,26,2,24,1,0,1,303,31,272,77,10,67,317,28,289,4,0,4,VA,5
2589,232867,6266,3164,3102,19,11,8,225,121,104,246,117,129,237,105,132,2,0,2,4987,2470,2517,208,91,117,105,63,42,237,186,51,VA,5
2590,232885,430,45,385,2,0,2,37,3,34,37,6,31,17,2,15,3,0,3,282,26,256,31,4,27,21,4,17,0,0,0,VA,5
2591,232937,5498,1830,3668,5,2,3,20,14,6,4621,1469,3152,211,76,135,4,1,3,167,83,84,325,115,210,127,57,70,18,13,5,VA,5
2592,232946,71294,34194,37100,173,84,89,11068,5400,5668,10475,4759,5716,15838,7137,8701,207,104,103,26252,13193,13059,3276,1560,1716,1800,953,847,2205,1004,1201,VA,5
2593,232982,22182,9780,12402,48,24,24,1059,516,543,6822,2666,4156,1987,861,1126,44,17,27,9839,4656,5183,1491,576,915,588,293,295,304,171,133,VA,5
2594,233019,2839,1175,1664,0,0,0,30,15,15,562,206,356,238,125,113,1,1,0,1849,755,1094,115,50,65,18,7,11,26,16,10,VA,5
2595,233037,1798,629,1169,6,1,5,25,16,9,638,152,486,88,35,53,6,3,3,922,380,542,75,23,52,33,17,16,5,2,3,VA,5
2596,233082,165,11,154,1,0,1,7,1,6,35,4,31,10,1,9,0,0,0,111,5,106,1,0,1,0,0,0,0,0,0,VA,5
2597,233116,7031,2863,4168,20,9,11,304,139,165,783,274,509,544,236,308,7,1,6,4685,1899,2786,349,120,229,230,128,102,109,57,52,VA,5
2598,233277,8449,3370,5079,21,6,15,151,62,89,1462,572,890,585,241,344,7,4,3,5411,2131,3280,477,186,291,259,124,135,76,44,32,VA,5
2599,233295,1598,759,839,5,3,2,22,8,14,155,88,67,68,26,42,3,3,0,1212,572,640,69,25,44,27,19,8,37,15,22,VA,5
2600,233301,639,240,399,4,3,1,20,6,14,99,41,58,54,24,30,3,3,0,390,139,251,41,13,28,6,2,4,22,9,13,VA,5
2601,233310,3780,1268,2512,39,11,28,47,15,32,688,191,497,199,64,135,3,1,2,2519,883,1636,195,64,131,80,38,42,10,1,9,VA,5
2602,233329,564,62,502,6,0,6,12,3,9,357,30,327,29,7,22,0,0,0,120,13,107,30,8,22,10,1,9,0,0,0,VA,5
2603,233338,2662,1070,1592,12,4,8,363,157,206,662,273,389,142,68,74,0,0,0,1252,455,797,58,21,37,76,34,42,97,58,39,VA,5
2604,233356,551,37,514,1,0,1,32,4,28,82,4,78,4,0,4,3,0,3,402,27,375,22,2,20,5,0,5,0,0,0,VA,5
2605,233374,3672,1698,1974,3,1,2,258,111,147,270,106,164,329,124,205,2,2,0,2106,1044,1062,155,67,88,167,82,85,382,161,221,VA,5
2606,233408,371,30,341,1,0,1,11,2,9,62,2,60,21,2,19,2,0,2,243,19,224,29,4,25,2,1,1,0,0,0,VA,5
2607,233426,2099,900,1199,3,0,3,30,9,21,109,43,66,110,51,59,1,1,0,1695,730,965,86,33,53,1,1,0,64,32,32,VA,5
2608,233541,2665,989,1676,38,18,20,83,19,64,266,126,140,218,73,145,12,6,6,1473,517,956,31,16,15,493,192,301,51,22,29,VA,5
2609,233602,63,32,31,0,0,0,0,0,0,0,0,0,7,3,4,0,0,0,55,28,27,0,0,0,0,0,0,1,1,0,NC,5
2610,233611,1151,559,592,6,3,3,5,1,4,43,27,16,67,40,27,41,28,13,881,405,476,66,31,35,23,14,9,19,10,9,VA,5
2611,233639,4340,1579,2761,12,7,5,52,25,27,1522,491,1031,184,66,118,7,3,4,2331,900,1431,159,52,107,60,29,31,13,6,7,VA,5
2612,233648,3026,1092,1934,7,1,6,14,10,4,59,28,31,40,21,19,0,0,0,2806,991,1815,65,23,42,31,15,16,4,3,1,VA,5
2613,233684,6399,2211,4188,27,8,19,228,123,105,3522,942,2580,560,251,309,22,11,11,1564,698,866,278,87,191,151,64,87,47,27,20,VA,5
2614,233718,384,8,376,2,0,2,13,1,12,32,1,31,23,1,22,1,0,1,282,5,277,7,0,7,12,0,12,12,0,12,VA,5
2615,233754,10892,4392,6500,54,19,35,473,217,256,3190,1075,2115,964,383,581,36,17,19,5220,2298,2922,708,267,441,222,107,115,25,9,16,VA,5
2616,233772,27718,11348,16370,130,60,70,1266,542,724,8208,3012,5196,2586,985,1601,139,57,82,13085,5736,7349,1750,683,1067,347,167,180,207,106,101,VA,5
2617,233897,3174,1064,2110,7,1,6,43,14,29,371,159,212,75,15,60,0,0,0,2204,724,1480,17,4,13,446,143,303,11,4,7,VA,5
2618,233903,2892,1090,1802,8,3,5,21,7,14,79,31,48,72,32,40,7,3,4,2622,982,1640,63,23,40,16,7,9,4,2,2,VA,5
2619,233921,30324,17425,12899,37,21,16,3084,1748,1336,1309,716,593,2049,1106,943,32,17,15,19411,10885,8526,1465,800,665,781,492,289,2156,1640,516,VA,5
2620,233949,8535,3779,4756,20,12,8,325,163,162,880,313,567,427,182,245,10,6,4,6272,2763,3509,298,110,188,113,63,50,190,167,23,VA,5
2621,234030,24766,9724,15042,46,16,30,3342,1372,1970,4816,1673,3143,2646,1017,1629,23,12,11,10817,4452,6365,1793,662,1131,541,144,397,742,376,366,VA,5
2622,234076,19253,8873,10380,20,10,10,2708,1225,1483,1241,490,751,1231,534,697,14,10,4,10437,4667,5770,881,379,502,1599,965,634,1122,593,529,VA,5
2623,234085,1740,1498,242,12,9,3,77,66,11,106,90,16,134,106,28,8,8,0,1329,1157,172,43,34,9,1,1,0,30,27,3,VA,5
2624,234137,257,194,63,0,0,0,0,0,0,249,188,61,7,5,2,0,0,0,1,1,0,0,0,0,0,0,0,0,0,0,VA,5
2625,234155,4320,1815,2505,9,6,3,18,8,10,4007,1643,2364,5,1,4,6,1,5,125,62,63,0,0,0,104,53,51,46,41,5,VA,5
2626,234164,1376,640,736,5,4,1,0,0,0,1131,542,589,20,10,10,1,1,0,8,5,3,36,14,22,157,58,99,18,6,12,VA,5
2627,234173,1545,625,920,10,4,6,31,7,24,356,147,209,118,48,70,9,5,4,812,340,472,101,29,72,72,35,37,36,10,26,VA,5
2628,234207,1865,931,934,0,0,0,67,24,43,62,24,38,103,43,60,0,0,0,1474,769,705,73,33,40,10,6,4,76,32,44,VA,5
2629,234377,3238,1199,2039,11,5,6,27,9,18,114,50,64,137,52,85,3,2,1,2836,1041,1795,69,25,44,28,12,16,13,3,10,VA,5
2630,234669,19073,8390,10683,208,98,110,3698,1643,2055,797,372,425,1853,792,1061,77,29,48,7932,3438,4494,1512,689,823,1757,764,993,1239,565,674,WA,8
2631,234696,3206,1420,1786,26,12,14,115,49,66,30,14,16,366,159,207,13,4,9,1890,859,1031,235,111,124,528,211,317,3,1,2,WA,8
2632,234711,3040,1365,1675,24,8,16,46,19,27,18,9,9,1207,499,708,3,3,0,1371,622,749,123,61,62,242,138,104,6,6,0,WA,8
2633,234827,13137,6228,6909,74,29,45,608,310,298,549,309,240,2232,914,1318,120,69,51,6645,3146,3499,1057,522,535,1453,679,774,399,250,149,WA,8
2634,234845,4330,1600,2730,47,15,32,47,20,27,84,70,14,514,164,350,13,4,9,2741,933,1808,261,128,133,599,250,349,24,16,8,WA,8
2635,234915,1325,667,658,15,5,10,103,51,52,113,63,50,91,53,38,14,4,10,560,279,281,50,21,29,303,137,166,76,54,22,WA,8
2636,234933,12474,5228,7246,48,22,26,620,272,348,256,126,130,1482,608,874,93,37,56,7794,3211,4583,837,335,502,1264,576,688,80,41,39,WA,8
2637,234951,5940,2121,3819,47,10,37,403,134,269,702,236,466,714,227,487,138,31,107,2900,1106,1794,603,202,401,398,150,248,35,25,10,WA,8
2638,234979,9744,4330,5414,46,21,25,177,77,100,104,47,57,3981,1547,2434,17,9,8,4637,2299,2338,445,187,258,326,139,187,11,4,7,WA,8
2639,235024,614,201,413,4,2,2,37,14,23,28,12,16,81,32,49,1,0,1,356,108,248,57,15,42,31,12,19,19,6,13,WA,8
2640,235097,13971,6221,7750,108,42,66,353,147,206,411,193,218,2543,1017,1526,57,25,32,6690,3045,3645,857,384,473,2619,1091,1528,333,277,56,WA,8
2641,235103,12443,5888,6555,96,40,56,1705,833,872,944,419,525,1322,566,756,67,37,30,5293,2474,2819,828,389,439,1092,539,553,1096,591,505,WA,8
2642,235149,14191,6076,8115,125,47,78,1004,435,569,436,188,248,1853,704,1149,60,24,36,7629,3253,4376,1151,514,637,1559,697,862,374,214,160,WA,8
2643,235167,3131,1282,1849,113,31,82,93,37,56,167,75,92,385,146,239,13,3,10,1975,826,1149,199,84,115,169,71,98,17,9,8,WA,8
2644,235237,13322,4962,8360,77,21,56,888,353,535,1089,441,648,2217,823,1394,170,42,128,6241,2242,3999,1668,622,1046,633,249,384,339,169,170,WA,8
2645,235316,5413,2530,2883,25,11,14,302,133,169,61,29,32,574,253,321,20,13,7,3757,1791,1966,360,159,201,230,95,135,84,46,38,WA,8
2646,235334,2427,1138,1289,66,25,41,34,16,18,104,88,16,345,147,198,11,6,5,1444,669,775,220,83,137,195,99,96,8,5,3,WA,8
2647,235343,11847,5821,6026,87,35,52,1219,609,610,727,330,397,1386,613,773,102,40,62,4483,2136,2347,1243,577,666,1147,595,552,1453,886,567,WA,8
2648,235422,939,229,710,101,26,75,9,4,5,3,0,3,574,135,439,0,0,0,124,24,100,13,2,11,111,36,75,4,2,2,WA,8
2649,235431,9396,3720,5676,34,14,20,1468,651,817,1450,523,927,1375,507,868,147,45,102,2133,809,1324,1160,455,705,1112,442,670,517,274,243,WA,8
2650,235547,182,35,147,2,0,2,16,3,13,4,1,3,9,6,3,7,0,7,124,24,100,9,0,9,9,1,8,2,0,2,WA,8
2651,235699,4909,1860,3049,21,8,13,548,143,405,163,69,94,470,175,295,13,7,6,2379,939,1440,314,135,179,838,317,521,163,67,96,WA,8
2652,235750,3963,1185,2778,43,13,30,106,26,80,65,32,33,397,98,299,13,1,12,2862,852,2010,246,65,181,191,79,112,40,19,21,WA,8
2653,236072,9222,3710,5512,37,14,23,916,350,566,653,269,384,791,315,476,34,13,21,3809,1550,2259,811,333,478,1653,587,1066,518,279,239,WA,8
2654,236133,1028,338,690,13,6,7,52,16,36,37,10,27,97,40,57,18,3,15,593,185,408,70,24,46,57,18,39,91,36,55,WA,8
2655,236188,9167,4249,4918,114,46,68,493,233,260,315,167,148,901,389,512,93,43,50,5723,2678,3045,909,391,518,492,238,254,127,64,63,WA,8
2656,236212,1260,1060,200,18,14,4,8,5,3,4,4,0,651,530,121,11,7,4,510,450,60,29,28,1,15,10,5,14,12,2,WA,8
2657,236230,2835,1034,1801,13,5,8,287,90,197,104,37,67,354,123,231,40,16,24,1598,596,1002,305,112,193,66,25,41,68,30,38,WA,8
2658,236258,2804,1233,1571,113,50,63,76,35,41,112,88,24,232,103,129,8,3,5,1605,678,927,209,78,131,367,146,221,82,52,30,WA,8
2659,236328,2354,963,1391,5,3,2,160,57,103,45,19,26,236,105,131,11,6,5,1585,636,949,223,94,129,79,38,41,10,5,5,WA,8
2660,236382,5869,3998,1871,56,31,25,622,302,320,621,271,350,577,301,276,40,25,15,1374,815,559,198,99,99,2361,2145,216,20,9,11,WA,8
2661,236452,1644,847,797,18,8,10,175,95,80,116,57,59,241,114,127,75,38,37,744,397,347,155,64,91,47,24,23,73,50,23,WA,8
2662,236504,9298,6019,3279,64,38,26,824,444,380,856,439,417,743,397,346,79,56,23,3491,2383,1108,785,454,331,1937,1516,421,519,292,227,WA,8
2663,236513,10915,4649,6266,40,14,26,1367,548,819,1363,555,808,916,389,527,38,17,21,3555,1536,2019,988,413,575,1334,543,791,1314,634,680,WA,8
2664,236577,2935,1011,1924,10,1,9,378,145,233,155,56,99,406,124,282,22,4,18,1400,435,965,267,95,172,105,53,52,192,98,94,WA,8
2665,236595,5086,2028,3058,15,7,8,887,350,537,179,66,113,617,216,401,41,16,25,2018,754,1264,426,160,266,299,134,165,604,325,279,WA,8
2666,236610,8950,3865,5085,46,24,22,978,333,645,569,265,304,843,368,475,27,12,15,3646,1500,2146,896,362,534,802,355,447,1143,646,497,WA,8
2667,236638,7471,3528,3943,48,17,31,198,81,117,118,60,58,1658,675,983,39,14,25,4779,2405,2374,481,195,286,61,26,35,89,55,34,WA,8
2668,236656,7635,3159,4476,58,18,40,437,181,256,213,97,116,884,332,552,48,14,34,4047,1599,2448,882,392,490,952,465,487,114,61,53,WA,8
2669,236692,15599,6670,8929,141,64,77,208,72,136,257,146,111,730,323,407,41,20,21,6863,2697,4166,491,184,307,6762,3107,3655,106,57,49,WA,8
2670,236708,6870,2899,3971,88,35,53,158,72,86,185,92,93,586,251,335,20,8,12,4207,1695,2512,431,177,254,930,405,525,265,164,101,WA,8
2671,236753,9190,3260,5930,67,13,54,665,256,409,737,245,492,1037,371,666,99,30,69,4179,1445,2734,811,255,556,1266,498,768,329,147,182,WA,8
2672,236887,5170,2737,2433,75,63,12,80,39,41,233,209,24,1065,479,586,33,26,7,2933,1559,1374,321,165,156,407,188,219,23,9,14,WA,8
2673,236896,1708,863,845,7,4,3,117,56,61,47,28,19,335,171,164,16,12,4,998,489,509,141,74,67,26,14,12,21,15,6,WA,8
2674,236939,28930,13408,15522,198,79,119,1767,850,917,856,408,448,4510,1907,2603,112,56,56,17406,8016,9390,1923,836,1087,724,402,322,1434,854,580,WA,8
2675,236948,39514,18126,21388,162,62,100,8815,3993,4822,1063,458,605,3150,1294,1856,155,65,90,13093,6120,6973,2635,1109,1526,5201,2464,2737,5240,2561,2679,WA,8
2676,236975,4548,1785,2763,106,28,78,51,15,36,39,15,24,1809,715,1094,3,0,3,2073,823,1250,206,81,125,246,97,149,15,11,4,WA,8
2677,237011,16791,7228,9563,64,19,45,1019,450,569,267,123,144,1671,657,1014,30,13,17,11483,4967,6516,1451,622,829,580,243,337,226,134,92,WA,8
2678,237039,5851,2522,3329,58,18,40,297,127,170,96,57,39,778,285,493,20,9,11,3464,1488,1976,457,196,261,430,207,223,251,135,116,WA,8
2679,237057,1677,730,947,7,3,4,101,41,60,35,15,20,135,54,81,9,5,4,1050,453,597,116,48,68,84,46,38,140,65,75,WA,8
2680,237066,2458,1010,1448,18,5,13,117,52,65,54,25,29,289,117,172,30,17,13,1591,620,971,230,100,130,18,11,7,111,63,48,WA,8
2681,237109,6384,2132,4252,79,26,53,73,23,50,45,23,22,3622,1125,2497,14,7,7,2010,725,1285,276,93,183,250,104,146,15,6,9,WA,8
2682,237118,922,509,413,6,2,4,3,1,2,258,205,53,67,44,23,2,1,1,536,224,312,10,6,4,0,0,0,40,26,14,WV,5
2683,237136,256,136,120,2,1,1,6,1,5,5,4,1,3,3,0,0,0,0,202,95,107,0,0,0,29,29,0,9,3,6,WV,5
2684,237181,554,313,241,0,0,0,4,2,2,121,69,52,25,17,8,1,1,0,290,160,130,33,16,17,64,42,22,16,6,10,WV,5
2685,237215,1435,466,969,1,0,1,3,1,2,148,70,78,17,9,8,0,0,0,1204,359,845,46,19,27,7,2,5,9,6,3,WV,5
2686,237312,2720,1614,1106,33,18,15,32,17,15,221,142,79,66,44,22,8,2,6,1395,567,828,0,0,0,816,711,105,149,113,36,WV,5
2687,237330,1771,721,1050,8,6,2,12,4,8,104,65,39,19,15,4,4,3,1,1420,531,889,44,23,21,60,25,35,100,49,51,WV,5
2688,237358,876,341,535,0,0,0,7,2,5,36,16,20,22,12,10,3,0,3,319,116,203,2,1,1,442,157,285,45,37,8,WV,5
2689,237367,3997,1659,2338,7,5,2,17,5,12,167,112,55,77,41,36,5,2,3,3477,1364,2113,131,60,71,18,10,8,98,60,38,WV,5
2690,237385,1821,929,892,20,11,9,24,13,11,245,189,56,39,25,14,0,0,0,1381,627,754,38,19,19,57,34,23,17,11,6,WV,5
2691,237437,438,108,330,3,2,1,1,0,1,54,21,33,3,1,2,0,0,0,352,80,272,24,4,20,1,0,1,0,0,0,WV,5
2692,237525,10902,4568,6334,40,24,16,117,51,66,537,276,261,216,99,117,7,3,4,8935,3647,5288,341,143,198,510,191,319,199,134,65,WV,5
2693,237640,318,172,146,2,1,1,1,0,1,16,6,10,10,4,6,0,0,0,193,108,85,6,3,3,38,19,19,52,31,21,WV,5
2694,237686,3376,1263,2113,11,5,6,31,14,17,56,26,30,22,9,13,3,0,3,3028,1115,1913,128,45,83,97,49,48,0,0,0,WV,5
2695,237701,1514,697,817,1,0,1,10,4,6,103,62,41,50,28,22,1,1,0,1238,549,689,74,34,40,27,11,16,10,8,2,WV,5
2696,237783,1163,564,599,13,8,5,4,2,2,272,148,124,78,37,41,6,2,4,442,185,257,13,2,11,184,77,107,151,103,48,WV,5
2697,237792,3630,1541,2089,23,10,13,62,25,37,260,164,96,219,85,134,4,2,2,2788,1141,1647,135,55,80,96,38,58,43,21,22,WV,5
2698,237817,1750,604,1146,0,0,0,2,0,2,16,4,12,0,0,0,0,0,0,1719,594,1125,10,5,5,3,1,2,0,0,0,WV,5
2699,237899,5282,2314,2968,30,11,19,52,22,30,359,177,182,77,39,38,11,6,5,3632,1421,2211,224,97,127,310,122,188,587,419,168,WV,5
2700,237932,2471,878,1593,1,0,1,15,3,12,69,42,27,17,7,10,3,3,0,1871,612,1259,39,15,24,392,166,226,64,30,34,WV,5
2701,237950,2056,1023,1033,2,2,0,15,7,8,99,53,46,50,26,24,1,1,0,1626,780,846,103,48,55,81,45,36,79,61,18,WV,5
2702,237969,1149,515,634,5,3,2,5,2,3,112,81,31,42,21,21,0,0,0,864,327,537,49,28,21,6,4,2,66,49,17,WV,5
2703,237987,229,36,193,0,0,0,1,0,1,30,2,28,0,0,0,0,0,0,193,32,161,5,2,3,0,0,0,0,0,0,WV,5
2704,237996,904,140,764,2,1,1,3,0,3,46,12,34,5,2,3,0,0,0,839,123,716,5,0,5,2,1,1,2,1,1,WV,5
2705,238014,1951,660,1291,7,4,3,7,1,6,44,18,26,34,12,22,1,0,1,1782,599,1183,53,21,32,14,3,11,9,2,7,WV,5
2706,238032,23061,11629,11432,32,15,17,375,189,186,944,544,400,926,492,434,17,8,9,18340,8916,9424,919,425,494,182,106,76,1326,934,392,WV,5
2707,238078,521,272,249,6,1,5,4,1,3,110,89,21,13,9,4,7,3,4,324,132,192,4,1,3,53,36,17,0,0,0,WV,5
2708,238193,1237,12,1225,8,0,8,58,0,58,176,3,173,391,3,388,0,0,0,515,6,509,62,0,62,8,0,8,19,0,19,WI,3
2709,238263,18613,8010,10603,90,38,52,837,339,498,1289,542,747,2175,885,1290,12,5,7,12621,5442,7179,806,327,479,577,325,252,206,107,99,WI,3
2710,238324,706,103,603,8,2,6,9,3,6,6,1,5,16,5,11,0,0,0,615,84,531,13,2,11,39,6,33,0,0,0,WI,3
2711,238333,1302,585,717,3,2,1,54,20,34,91,41,50,162,65,97,4,3,1,654,291,363,47,21,26,62,27,35,225,115,110,WI,3
2712,238397,3454,1279,2175,13,2,11,31,9,22,230,69,161,424,158,266,0,0,0,2507,957,1550,101,32,69,111,43,68,37,9,28,WI,3
2713,238430,1441,446,995,4,1,3,30,7,23,214,59,155,219,64,155,4,2,2,409,122,287,32,13,19,327,82,245,202,96,106,WI,3
2714,238458,2971,960,2011,10,4,6,104,29,75,49,23,26,218,85,133,7,4,3,2359,744,1615,81,21,60,90,32,58,53,18,35,WI,3
2715,238476,2778,1184,1594,14,6,8,57,17,40,162,93,69,396,161,235,5,2,3,1853,780,1073,87,29,58,169,82,87,35,14,21,WI,3
2716,238573,123,12,111,0,0,0,11,2,9,12,1,11,2,0,2,0,0,0,88,9,79,2,0,2,8,0,8,0,0,0,WI,3
2717,238616,3789,1361,2428,28,7,21,78,24,54,360,95,265,65,30,35,4,2,2,2614,940,1674,111,45,66,215,86,129,314,132,182,WI,3
2718,238661,1481,416,1065,5,1,4,32,8,24,48,22,26,127,43,84,2,2,0,1086,285,801,54,10,44,67,25,42,60,20,40,WI,3
2719,238722,18341,10128,8213,149,75,74,713,324,389,427,229,198,900,436,464,26,8,18,13713,7445,6268,113,50,63,2169,1499,670,131,62,69,WI,3
2720,238759,13034,6024,7010,67,34,33,178,75,103,1259,473,786,2787,1211,1576,10,4,6,8083,3947,4136,365,140,225,274,134,140,11,6,5,WI,3
2721,238980,2680,1111,1569,29,9,20,117,49,68,172,94,78,175,79,96,3,1,2,1964,778,1186,45,16,29,120,55,65,55,30,25,WI,3
2722,239008,4624,2304,2320,12,4,8,326,151,175,67,29,38,284,137,147,9,4,5,3673,1846,1827,58,16,42,183,112,71,12,5,7,WI,3
2723,239017,1459,678,781,5,1,4,86,35,51,89,50,39,147,71,76,2,0,2,882,411,471,55,25,30,15,10,5,178,75,103,WI,3
2724,239071,931,399,532,5,2,3,18,5,13,11,10,1,39,17,22,1,0,1,783,332,451,40,19,21,24,10,14,10,4,6,WI,3
2725,239080,1513,470,1043,15,7,8,26,12,14,98,29,69,130,32,98,4,0,4,1105,333,772,35,15,20,60,10,50,40,32,8,WI,3
2726,239105,8855,4038,4817,16,6,10,603,254,349,353,168,185,1224,536,688,11,7,4,6015,2768,3247,260,108,152,114,56,58,259,135,124,WI,3
2727,239220,4993,2245,2748,45,11,34,136,56,80,84,34,50,201,74,127,8,6,2,4303,1937,2366,65,27,38,135,84,51,16,16,0,WI,3
2728,239248,20131,8513,11618,118,49,69,1153,505,648,5986,1885,4101,3620,1441,2179,19,3,16,7306,3637,3669,784,298,486,1076,660,416,69,35,34,WI,3
2729,239309,902,278,624,6,3,3,42,15,27,58,31,27,150,47,103,2,1,1,572,163,409,58,14,44,11,4,7,3,0,3,WI,3
2730,239318,2653,1945,708,5,5,0,133,96,37,61,36,25,212,145,67,0,0,0,1815,1357,458,84,56,28,194,146,48,149,104,45,WI,3
2731,239372,6875,2528,4347,98,37,61,98,28,70,235,81,154,254,102,152,14,8,6,6063,2241,3822,87,28,59,26,3,23,0,0,0,WI,3
2732,239390,725,5,720,4,0,4,51,0,51,140,1,139,187,1,186,1,0,1,290,2,288,30,0,30,13,1,12,9,0,9,WI,3
2733,239442,1712,628,1084,95,29,66,11,3,8,16,6,10,56,19,37,4,0,4,1467,548,919,62,23,39,0,0,0,1,0,1,WI,3
2734,239460,9351,4032,5319,142,53,89,528,236,292,149,66,83,332,151,181,18,9,9,7717,3324,4393,136,43,93,329,150,179,0,0,0,WI,3
2735,239488,14675,6144,8531,336,136,200,500,214,286,508,231,277,1336,568,768,11,3,8,11543,4811,6732,325,133,192,116,48,68,0,0,0,WI,3
2736,239512,650,307,343,17,3,14,10,8,2,25,14,11,37,16,21,2,1,1,479,217,262,30,16,14,16,6,10,34,26,8,WI,3
2737,239628,828,391,437,1,1,0,16,8,8,35,20,15,81,39,42,1,1,0,638,292,346,27,16,11,8,4,4,21,10,11,WI,3
2738,239716,2056,863,1193,21,5,16,24,9,15,38,24,14,95,46,49,2,0,2,1780,731,1049,33,13,20,26,15,11,37,20,17,WI,3
2739,239910,3640,1607,2033,31,20,11,15,8,7,88,49,39,67,30,37,0,0,0,3251,1414,1837,114,54,60,74,32,42,0,0,0,WI,3
2740,240107,1990,526,1464,1,1,0,35,12,23,130,27,103,100,35,65,2,1,1,1599,397,1202,53,14,39,30,12,18,40,27,13,WI,3
2741,240116,12061,5571,6490,140,77,63,415,177,238,224,129,95,333,154,179,14,6,8,10081,4589,5492,279,112,167,575,327,248,0,0,0,WI,3
2742,240125,10641,5212,5429,38,21,17,369,149,220,616,228,388,862,398,464,17,10,7,7915,3947,3968,326,153,173,483,298,185,15,8,7,WI,3
2743,240170,5858,2738,3120,70,28,42,245,123,122,189,121,68,273,137,136,5,4,1,4659,2100,2559,169,75,94,248,150,98,0,0,0,WI,3
2744,240189,12692,6382,6310,21,9,12,227,106,121,509,258,251,1020,460,560,8,6,2,10245,5209,5036,448,224,224,23,10,13,191,100,91,WI,3
2745,240198,5668,2264,3404,139,49,90,76,27,49,85,36,49,136,55,81,5,2,3,5001,1987,3014,138,64,74,72,34,38,16,10,6,WI,3
2746,240268,11441,4383,7058,30,15,15,372,126,246,157,82,75,411,166,245,3,2,1,9724,3631,6093,334,136,198,7,1,6,403,224,179,WI,3
2747,240277,10188,3716,6472,147,42,105,445,178,267,205,91,114,723,275,448,7,2,5,8125,2919,5206,378,126,252,27,15,12,131,68,63,WI,3
2748,240329,10329,4526,5803,17,10,7,238,107,131,84,50,34,381,168,213,4,1,3,9160,3972,5188,347,169,178,3,2,1,95,47,48,WI,3
2749,240338,1099,495,604,4,2,2,16,5,11,50,32,18,76,36,40,0,0,0,869,373,496,29,20,9,49,22,27,6,5,1,WI,3
2750,240365,16974,6784,10190,71,39,32,671,265,406,341,178,163,969,364,605,13,8,5,13780,5411,8369,507,212,295,215,66,149,407,241,166,WI,3
2751,240374,4636,2075,2561,8,5,3,170,81,89,375,130,245,876,376,500,7,5,2,2911,1349,1562,219,88,131,1,1,0,69,40,29,WI,3
2752,240392,2951,478,2473,31,9,22,66,17,49,951,93,858,222,36,186,10,2,8,1368,265,1103,71,5,66,231,50,181,1,1,0,WI,3
2753,240417,8170,4622,3548,29,14,15,300,165,135,140,94,46,255,139,116,10,4,6,6977,3945,3032,222,128,94,19,10,9,218,123,95,WI,3
2754,240426,2689,976,1713,44,16,28,26,9,17,48,28,20,91,38,53,1,0,1,2126,717,1409,83,31,52,14,1,13,256,136,120,WI,3
2755,240444,35038,16989,18049,65,23,42,2485,1188,1297,692,295,397,1878,839,1039,28,13,15,23571,11193,12378,1214,544,670,825,445,380,4280,2449,1831,WI,3
2756,240453,24695,11373,13322,86,30,56,1625,778,847,1703,654,1049,2911,1334,1577,29,14,15,16466,7599,8867,1049,441,608,54,32,22,772,491,281,WI,3
2757,240462,8325,5085,3240,17,7,10,95,54,41,139,71,68,446,260,186,7,3,4,7283,4476,2807,166,101,65,28,16,12,144,97,47,WI,3
2758,240471,6075,2184,3891,10,2,8,177,87,90,79,46,33,227,89,138,3,1,2,5289,1842,3447,153,54,99,6,2,4,131,61,70,WI,3
2759,240480,8800,3966,4834,40,18,22,315,135,180,169,103,66,340,158,182,8,3,5,7543,3359,4184,215,103,112,53,22,31,117,65,52,WI,3
2760,240505,4804,1855,2949,53,21,32,42,19,23,69,41,28,398,137,261,15,8,7,3901,1446,2455,70,30,40,217,141,76,39,12,27,WY,7
2761,240514,2489,1032,1457,248,85,163,25,5,20,18,12,6,300,118,182,1,0,1,1499,626,873,95,36,59,285,141,144,18,9,9,WY,7
2762,240596,2107,887,1220,24,15,9,8,2,6,24,17,7,202,87,115,5,3,2,1791,739,1052,25,11,14,0,0,0,28,13,15,WY,7
2763,240620,5816,2377,3439,47,20,27,52,21,31,111,63,48,780,318,462,6,1,5,3592,1393,2199,204,74,130,995,476,519,29,11,18,WY,7
2764,240657,1955,775,1180,7,0,7,15,7,8,11,5,6,151,63,88,6,3,3,1642,634,1008,35,11,24,16,7,9,72,45,27,WY,7
2765,240666,6340,3705,2635,114,71,43,24,9,15,44,33,11,475,244,231,13,2,11,5436,3242,2194,171,70,101,21,9,12,42,25,17,WY,7
2766,240693,4180,2039,2141,26,13,13,25,11,14,58,39,19,564,276,288,11,7,4,3271,1587,1684,102,48,54,75,39,36,48,19,29,WY,7
2767,240718,338,317,21,5,4,1,1,1,0,3,3,0,50,48,2,2,2,0,260,247,13,3,1,2,14,11,3,0,0,0,WY,7
2768,240727,10836,5181,5655,80,31,49,119,40,79,117,80,37,690,332,358,8,4,4,7998,3792,4206,436,214,222,1069,475,594,319,213,106,WY,7
2769,240736,1272,336,936,0,0,0,6,1,5,0,0,0,0,0,0,1138,305,833,4,1,3,2,0,2,0,0,0,122,29,93,AS,9
2770,240745,2374,1072,1302,9,3,6,972,475,497,23,18,5,13,6,7,1289,536,753,51,27,24,2,1,1,15,6,9,0,0,0,GU,9
2771,240754,3628,1590,2038,4,2,2,1698,772,926,20,8,12,25,7,18,1640,678,962,104,53,51,0,0,0,108,59,49,29,11,18,GU,9
2772,240790,1443,542,901,0,0,0,537,229,308,4,1,3,13,6,7,642,214,428,15,5,10,95,35,60,50,17,33,87,35,52,MP,9
2773,240985,168,46,122,0,0,0,0,0,0,0,0,0,168,46,122,0,0,0,0,0,0,0,0,0,0,0,0,0,0,0,PR,9
2774,241100,451,230,221,0,0,0,0,0,0,0,0,0,451,230,221,0,0,0,0,0,0,0,0,0,0,0,0,0,0,0,PR,9
2775,241128,632,281,351,0,0,0,0,0,0,0,0,0,632,281,351,0,0,0,0,0,0,0,0,0,0,0,0,0,0,0,PR,9
2776,241191,1202,457,745,0,0,0,1,0,1,14,6,8,1149,434,715,0,0,0,13,6,7,0,0,0,0,0,0,25,11,14,PR,9
2777,241216,1808,1258,550,0,0,0,0,0,0,0,0,0,1808,1258,550,0,0,0,0,0,0,0,0,0,0,0,0,0,0,0,PR,9
2778,241225,1215,410,805,0,0,0,0,0,0,0,0,0,1202,401,801,0,0,0,0,0,0,0,0,0,0,0,0,13,9,4,PR,9
2779,241304,1069,480,589,0,0,0,0,0,0,0,0,0,1069,480,589,0,0,0,0,0,0,0,0,0,0,0,0,0,0,0,PR,9
2780,241331,786,120,666,0,0,0,0,0,0,0,0,0,776,117,659,0,0,0,3,1,2,0,0,0,7,2,5,0,0,0,PR,9
2781,241377,942,470,472,0,0,0,0,0,0,0,0,0,942,470,472,0,0,0,0,0,0,0,0,0,0,0,0,0,0,0,PR,9
2782,241386,322,72,250,0,0,0,0,0,0,0,0,0,322,72,250,0,0,0,0,0,0,0,0,0,0,0,0,0,0,0,PR,9
2783,241395,521,190,331,0,0,0,0,0,0,0,0,0,512,187,325,0,0,0,1,0,1,0,0,0,8,3,5,0,0,0,PR,9
2784,241410,5713,2207,3506,0,0,0,2,1,1,1,0,1,5667,2189,3478,0,0,0,3,1,2,0,0,0,23,6,17,17,10,7,PR,9
2785,241517,561,170,391,0,0,0,0,0,0,0,0,0,561,170,391,0,0,0,0,0,0,0,0,0,0,0,0,0,0,0,PR,9
2786,241614,308,179,129,0,0,0,0,0,0,0,0,0,308,179,129,0,0,0,0,0,0,0,0,0,0,0,0,0,0,0,PR,9
2787,241720,1183,466,717,0,0,0,0,0,0,0,0,0,1183,466,717,0,0,0,0,0,0,0,0,0,0,0,0,0,0,0,PR,9
2788,241739,9281,3281,6000,0,0,0,0,0,0,0,0,0,9281,3281,6000,0,0,0,0,0,0,0,0,0,0,0,0,0,0,0,PR,9
2789,241766,381,255,126,0,0,0,0,0,0,0,0,0,368,245,123,0,0,0,1,1,0,0,0,0,0,0,0,12,9,3,PR,9
2790,241836,1513,499,1014,0,0,0,0,0,0,0,0,0,1513,499,1014,0,0,0,0,0,0,0,0,0,0,0,0,0,0,0,PR,9
2791,241951,478,148,330,0,0,0,0,0,0,1,0,1,477,148,329,0,0,0,0,0,0,0,0,0,0,0,0,0,0,0,PR,9
2792,242042,553,293,260,0,0,0,0,0,0,0,0,0,553,293,260,0,0,0,0,0,0,0,0,0,0,0,0,0,0,0,PR,9
2793,242112,969,391,578,0,0,0,0,0,0,0,0,0,969,391,578,0,0,0,0,0,0,0,0,0,0,0,0,0,0,0,PR,9
2794,242121,557,204,353,0,0,0,0,0,0,0,0,0,557,204,353,0,0,0,0,0,0,0,0,0,0,0,0,0,0,0,PR,9
2795,242130,419,137,282,0,0,0,0,0,0,0,0,0,419,137,282,0,0,0,0,0,0,0,0,0,0,0,0,0,0,0,PR,9
2796,242149,594,162,432,0,0,0,0,0,0,0,0,0,594,162,432,0,0,0,0,0,0,0,0,0,0,0,0,0,0,0,PR,9
2797,242556,452,259,193,0,0,0,0,0,0,0,0,0,452,259,193,0,0,0,0,0,0,0,0,0,0,0,0,0,0,0,PR,9
2798,242565,454,304,150,1,1,0,0,0,0,0,0,0,453,303,150,0,0,0,0,0,0,0,0,0,0,0,0,0,0,0,PR,9
2799,242583,414,277,137,0,0,0,0,0,0,0,0,0,414,277,137,0,0,0,0,0,0,0,0,0,0,0,0,0,0,0,PR,9
2800,242617,4058,1920,2138,4,0,4,0,0,0,8,2,6,4038,1912,2126,0,0,0,8,6,2,0,0,0,0,0,0,0,0,0,PR,9
2801,242626,4223,1836,2387,3,2,1,0,0,0,1,1,0,4217,1831,2386,0,0,0,2,2,0,0,0,0,0,0,0,0,0,0,PR,9
2802,242635,4039,1584,2455,6,2,4,0,0,0,2,0,2,4019,1578,2441,0,0,0,12,4,8,0,0,0,0,0,0,0,0,0,PR,9
2803,242644,1729,587,1142,1,0,1,0,0,0,1,0,1,1727,587,1140,0,0,0,0,0,0,0,0,0,0,0,0,0,0,0,PR,9
2804,242653,6234,2627,3607,12,5,7,8,1,7,38,7,31,6124,2591,3533,2,1,1,50,22,28,0,0,0,0,0,0,0,0,0,PR,9
2805,242662,4363,1697,2666,4,1,3,1,1,0,2,0,2,4347,1691,2656,0,0,0,9,4,5,0,0,0,0,0,0,0,0,0,PR,9
2806,242680,2022,796,1226,1,1,0,0,0,0,3,1,2,2018,794,1224,0,0,0,0,0,0,0,0,0,0,0,0,0,0,0,PR,9
2807,242699,1889,589,1300,0,0,0,0,0,0,2,0,2,1884,589,1295,0,0,0,3,0,3,0,0,0,0,0,0,0,0,0,PR,9
2808,242705,4821,2746,2075,19,10,9,1,1,0,10,3,7,4763,2718,2045,2,0,2,26,14,12,0,0,0,0,0,0,0,0,0,PR,9
2809,242972,32801,11319,21482,130,41,89,54,15,39,1234,328,906,30030,10516,19514,30,11,19,975,316,659,144,38,106,200,52,148,4,2,2,PR,9
2810,243106,3128,1394,1734,6,4,2,0,0,0,38,18,20,3005,1333,1672,0,0,0,69,35,34,4,1,3,6,3,3,0,0,0,PR,9
2811,243115,3701,1477,2224,0,0,0,0,0,0,0,0,0,3701,1477,2224,0,0,0,0,0,0,0,0,0,0,0,0,0,0,0,PR,9
2812,243133,4055,2000,2055,0,0,0,0,0,0,0,0,0,4055,2000,2055,0,0,0,0,0,0,0,0,0,0,0,0,0,0,0,PR,9
2813,243142,3600,1393,2207,17,6,11,0,0,0,79,30,49,3193,1231,1962,0,0,0,0,0,0,10,5,5,301,121,180,0,0,0,PR,9
2814,243151,2968,1034,1934,0,0,0,0,0,0,0,0,0,2968,1034,1934,0,0,0,0,0,0,0,0,0,0,0,0,0,0,0,PR,9
2815,243179,3551,1257,2294,10,4,6,0,0,0,107,36,71,3161,1105,2056,0,0,0,13,4,9,12,6,6,248,102,146,0,0,0,PR,9
2816,243188,715,361,354,2,2,0,0,0,0,24,10,14,566,277,289,0,0,0,3,2,1,2,0,2,118,70,48,0,0,0,PR,9
2817,243197,12493,6747,5746,0,0,0,0,0,0,0,0,0,11629,6285,5344,0,0,0,0,0,0,0,0,0,805,431,374,59,31,28,PR,9
2818,243203,331,75,256,0,0,0,0,0,0,0,0,0,331,75,256,0,0,0,0,0,0,0,0,0,0,0,0,0,0,0,PR,9
2819,243212,2644,1126,1518,0,0,0,0,0,0,0,0,0,2644,1126,1518,0,0,0,0,0,0,0,0,0,0,0,0,0,0,0,PR,9
2820,243221,11676,4364,7312,69,21,48,3,1,2,414,144,270,9392,3531,5861,1,0,1,44,23,21,25,8,17,1728,636,1092,0,0,0,PR,9
2821,243346,8889,3337,5552,0,0,0,0,0,0,0,0,0,8889,3337,5552,0,0,0,0,0,0,0,0,0,0,0,0,0,0,0,PR,9
2822,243443,4759,1850,2909,0,0,0,0,0,0,0,0,0,4759,1850,2909,0,0,0,0,0,0,0,0,0,0,0,0,0,0,0,PR,9
2823,243568,134,24,110,0,0,0,0,0,0,0,0,0,116,20,96,0,0,0,0,0,0,0,0,0,18,4,14,0,0,0,PR,9
2824,243577,4314,3259,1055,0,0,0,0,0,0,1,1,0,4298,3247,1051,0,0,0,8,6,2,1,0,1,6,5,1,0,0,0,PR,9
2825,243586,1191,408,783,0,0,0,0,0,0,0,0,0,1182,406,776,0,0,0,0,0,0,0,0,0,9,2,7,0,0,0,PR,9
2826,243601,14017,5578,8439,0,0,0,0,0,0,0,0,0,14017,5578,8439,0,0,0,0,0,0,0,0,0,0,0,0,0,0,0,PR,9
2827,243638,2462,1049,1413,0,0,0,1,1,0,0,0,0,0,0,0,2445,1043,1402,1,1,0,0,0,0,15,4,11,0,0,0,FM,9
2828,243647,651,274,377,0,0,0,13,8,5,0,0,0,0,0,0,637,265,372,1,1,0,0,0,0,0,0,0,0,0,0,PW,9
2829,243665,2177,686,1491,5,2,3,16,4,12,1479,449,1030,249,73,176,3,0,3,113,43,70,25,12,13,172,68,104,115,35,80,VI,9
2830,243744,8464,4262,4202,62,29,33,1858,886,972,519,253,266,1230,638,592,26,15,11,2549,1309,1240,708,321,387,73,49,24,1439,762,677,CA,8
2831,243780,36989,21148,15841,38,19,19,3430,2114,1316,1089,549,540,2170,1156,1014,22,14,8,23272,12790,10482,1416,750,666,615,373,242,4937,3383,1554,IN,3
2832,243823,781,230,551,3,1,2,22,9,13,227,61,166,181,54,127,2,0,2,272,83,189,23,8,15,44,11,33,7,3,4,TX,6
2833,243832,2039,629,1410,0,0,0,0,0,0,0,0,0,2039,629,1410,0,0,0,0,0,0,0,0,0,0,0,0,0,0,0,PR,9
2834,243841,822,165,657,0,0,0,0,0,0,0,0,0,822,165,657,0,0,0,0,0,0,0,0,0,0,0,0,0,0,0,PR,9
2835,244233,407,132,275,2,1,1,2,2,0,249,73,176,91,31,60,0,0,0,54,24,30,9,1,8,0,0,0,0,0,0,FL,5
2836,244279,279,8,271,0,0,0,2,0,2,79,4,75,50,0,50,1,0,1,141,4,137,5,0,5,1,0,1,0,0,0,FL,5
2837,244437,25190,9594,15596,36,15,21,2366,1103,1263,11501,3823,7678,3022,1088,1934,18,10,8,5540,2476,3064,1391,496,895,126,60,66,1190,523,667,GA,5
2838,244446,4979,1793,3186,9,6,3,169,91,78,3838,1275,2563,228,92,136,6,0,6,497,230,267,134,43,91,51,34,17,47,22,25,GA,5
2839,245625,3584,1535,2049,6,2,4,89,39,50,275,106,169,282,87,195,3,2,1,2507,1099,1408,29,10,19,381,184,197,12,6,6,NJ,2
2840,245652,357,191,166,0,0,0,7,5,2,3,1,2,35,20,15,0,0,0,208,115,93,25,13,12,7,5,2,72,32,40,NM,6
2841,245777,60,60,0,0,0,0,0,0,0,0,0,0,0,0,0,0,0,0,60,60,0,0,0,0,0,0,0,0,0,0,NY,2
2842,245838,239,79,160,0,0,0,5,2,3,24,8,16,44,17,27,0,0,0,103,29,74,9,3,6,48,18,30,6,2,4,CA,8
2843,245847,115,37,78,3,1,2,0,0,0,4,2,2,28,4,24,0,0,0,42,11,31,2,0,2,22,12,10,14,7,7,CA,8
2844,245883,160,33,127,1,0,1,3,0,3,10,1,9,31,10,21,1,1,0,38,10,28,18,5,13,57,6,51,1,0,1,WA,8
2845,245892,11,4,7,0,0,0,0,0,0,0,0,0,2,1,1,0,0,0,9,3,6,0,0,0,0,0,0,0,0,0,OH,3
2846,245953,1819,659,1160,103,30,73,14,6,8,243,85,158,479,166,313,1,0,1,756,263,493,22,10,12,138,51,87,63,48,15,OK,6
2847,246354,17392,6660,10732,39,19,20,208,74,134,831,360,471,12912,4838,8074,14,10,4,2845,1135,1710,416,173,243,114,44,70,13,7,6,TX,6
2848,246813,6598,2393,4205,33,15,18,137,52,85,1493,426,1067,689,281,408,8,4,4,3956,1498,2458,69,26,43,147,59,88,66,32,34,GA,5
2849,247065,1314,83,1231,4,1,3,14,3,11,211,15,196,5,0,5,1,0,1,1043,59,984,31,3,28,5,2,3,0,0,0,KY,5
2850,247603,3508,1622,1886,5,3,2,87,44,43,102,59,43,630,283,347,4,3,1,2487,1135,1352,108,54,54,27,8,19,58,33,25,NJ,2
2851,247649,658,438,220,3,3,0,23,14,9,32,22,10,47,35,12,0,0,0,413,276,137,20,13,7,114,72,42,6,3,3,VT,1
2852,247773,55,55,0,0,0,0,0,0,0,0,0,0,0,0,0,0,0,0,55,55,0,0,0,0,0,0,0,0,0,0,MI,3
2853,247825,26,16,10,0,0,0,1,1,0,7,4,3,5,4,1,0,0,0,13,7,6,0,0,0,0,0,0,0,0,0,TX,6
2854,247834,49686,21530,28156,161,70,91,6347,2954,3393,5827,2245,3582,9758,3951,5807,99,40,59,23370,10513,12857,2230,923,1307,900,391,509,994,443,551,TX,6
2855,247940,5580,2693,2887,11,6,5,68,28,40,164,66,98,161,79,82,4,2,2,4873,2350,2523,171,71,100,128,91,37,0,0,0,KY,5
2856,248934,18915,7454,11461,131,61,70,581,266,315,7585,2307,5278,2003,817,1186,87,48,39,7289,3474,3815,652,240,412,584,240,344,3,1,2,VA,5
2857,251260,6562,2924,3638,13,7,6,125,64,61,1318,451,867,191,82,109,2,1,1,4714,2235,2479,129,53,76,55,22,33,15,9,6,AL,5
2858,251312,957,172,785,11,1,10,8,1,7,654,115,539,48,7,41,4,0,4,218,42,176,0,0,0,14,6,8,0,0,0,SC,5
2859,260372,541,167,374,405,124,281,1,0,1,31,7,24,5,2,3,0,0,0,99,34,65,0,0,0,0,0,0,0,0,0,WI,3
2860,260789,1067,243,824,5,0,5,103,42,61,46,14,32,650,141,509,9,3,6,136,21,115,48,6,42,70,16,54,0,0,0,CA,8
2861,260813,330,51,279,1,0,1,21,4,17,20,3,17,64,8,56,1,0,1,200,31,169,20,4,16,3,1,2,0,0,0,CO,7
2862,260992,850,60,790,1,0,1,13,6,7,418,24,394,242,21,221,0,0,0,146,8,138,11,0,11,19,1,18,0,0,0,IL,3
2863,262031,9056,3755,5301,19,4,15,229,84,145,687,232,455,463,204,259,13,6,7,6755,2822,3933,379,171,208,470,218,252,41,14,27,MO,4
2864,262086,9190,3491,5699,94,31,63,396,154,242,830,343,487,1409,476,933,81,39,42,4997,1909,3088,293,117,176,1088,422,666,2,0,2,CA,8
2865,262129,722,269,453,0,0,0,27,7,20,23,7,16,131,43,88,0,0,0,496,197,299,27,7,20,3,1,2,15,7,8,FL,5
2866,262165,86,51,35,1,1,0,0,0,0,0,0,0,0,0,0,0,0,0,50,24,26,23,20,3,12,6,6,0,0,0,MT,7
2867,363439,110,20,90,1,0,1,1,0,1,27,5,22,3,2,1,0,0,0,65,11,54,10,1,9,1,0,1,2,1,1,KY,5
2868,363633,1466,640,826,16,10,6,8,3,5,22,18,4,1182,497,685,3,0,3,219,103,116,5,3,2,11,6,5,0,0,0,NM,6
2869,363712,31,31,0,0,0,0,0,0,0,0,0,0,0,0,0,0,0,0,22,22,0,0,0,0,0,0,0,9,9,0,FL,5
2870,363907,644,415,229,0,0,0,0,0,0,0,0,0,644,415,229,0,0,0,0,0,0,0,0,0,0,0,0,0,0,0,PR,9
2871,363916,218,66,152,0,0,0,0,0,0,0,0,0,218,66,152,0,0,0,0,0,0,0,0,0,0,0,0,0,0,0,PR,9
2872,363934,955,777,178,19,17,2,24,21,3,115,89,26,134,106,28,6,5,1,482,403,79,100,76,24,72,58,14,3,2,1,AZ,6
2873,364016,11793,5138,6655,184,59,125,376,158,218,423,178,245,2991,1250,1741,14,5,9,6707,3001,3706,492,194,298,534,266,268,72,27,45,AZ,6
2874,364025,20133,9548,10585,356,140,216,1197,581,616,894,431,463,5312,2356,2956,35,17,18,10437,5095,5342,1086,495,591,681,369,312,135,64,71,AZ,6
2875,365204,5420,1690,3730,40,13,27,43,19,24,1429,402,1027,2251,711,1540,33,15,18,1227,393,834,262,77,185,133,60,73,2,0,2,TX,6
2876,366003,337,138,199,0,0,0,3,1,2,71,34,37,90,37,53,1,0,1,66,35,31,1,1,0,11,5,6,94,25,69,FL,5
2877,366252,5326,3276,2050,7,5,2,77,35,42,175,105,70,211,126,85,7,3,4,4675,2891,1784,139,85,54,30,22,8,5,4,1,PA,2
2878,366261,433,125,308,9,3,6,2,1,1,113,42,71,76,9,67,0,0,0,233,70,163,0,0,0,0,0,0,0,0,0,TX,6
2879,366340,772,310,462,722,289,433,0,0,0,0,0,0,2,2,0,0,0,0,39,18,21,0,0,0,0,0,0,9,1,8,MT,7
2880,366395,30847,14158,16689,85,36,49,1270,631,639,2423,987,1436,8182,3495,4687,24,17,7,16222,7693,8529,513,230,283,2022,1009,1013,106,60,46,NY,2
2881,366401,12137,5635,6502,22,9,13,2929,1282,1647,510,228,282,3473,1529,1944,70,34,36,3838,1949,1889,868,405,463,303,143,160,124,56,68,CA,8
2882,366465,3096,989,2107,7,1,6,20,8,12,980,279,701,186,54,132,6,3,3,1831,624,1207,61,18,43,2,1,1,3,1,2,GA,5
2883,366535,500,140,360,3,0,3,1,0,1,303,77,226,2,0,2,0,0,0,141,44,97,19,3,16,31,16,15,0,0,0,AL,5
2884,366553,1729,332,1397,5,2,3,14,4,10,457,101,356,483,91,392,4,2,2,672,119,553,54,8,46,37,5,32,3,0,3,FL,5
2885,366711,15621,6082,9539,42,17,25,1473,660,813,473,206,267,7179,2421,4758,34,21,13,4061,1760,2301,817,328,489,767,328,439,775,341,434,CA,8
2886,367103,114,84,30,0,0,0,0,0,0,37,30,7,1,1,0,0,0,0,76,53,23,0,0,0,0,0,0,0,0,0,KY,5
2887,367361,78,42,36,0,0,0,2,1,1,45,27,18,23,9,14,0,0,0,8,5,3,0,0,0,0,0,0,0,0,0,TX,6
2888,367459,11390,4730,6660,129,55,74,348,150,198,306,144,162,2321,908,1413,51,20,31,7389,3105,4284,521,199,322,175,76,99,150,73,77,AR,5
2889,367884,1109,416,693,6,3,3,36,13,23,163,48,115,425,154,271,4,3,1,397,169,228,3,1,2,69,25,44,6,0,6,FL,5
2890,368443,1154,240,914,15,6,9,10,3,7,431,84,347,72,13,59,2,0,2,465,95,370,67,17,50,78,20,58,14,2,12,TN,5
2891,368452,380,152,228,3,0,3,3,0,3,91,44,47,19,10,9,2,0,2,260,97,163,2,1,1,0,0,0,0,0,0,TN,5
2892,369516,365,74,291,7,1,6,3,1,2,65,14,51,27,4,23,4,2,2,207,39,168,19,7,12,33,6,27,0,0,0,MO,4
2893,371964,764,466,298,15,10,5,57,37,20,103,53,50,230,145,85,9,4,5,291,186,105,32,17,15,27,14,13,0,0,0,CA,8
2894,372073,250,83,167,0,0,0,27,10,17,48,13,35,120,42,78,0,0,0,19,8,11,12,3,9,24,7,17,0,0,0,CA,8
2895,372921,1043,378,665,3,1,2,10,3,7,690,267,423,143,35,108,0,0,0,149,59,90,36,9,27,12,4,8,0,0,0,GA,5
2896,375230,163,163,0,0,0,0,0,0,0,0,0,0,0,0,0,0,0,0,163,163,0,0,0,0,0,0,0,0,0,0,NY,2
2897,375416,772,237,535,3,0,3,17,10,7,587,164,423,41,10,31,1,0,1,81,38,43,42,15,27,0,0,0,0,0,0,OH,3
2898,376224,325,80,245,0,0,0,0,0,0,0,0,0,325,80,245,0,0,0,0,0,0,0,0,0,0,0,0,0,0,0,PR,9
2899,376321,2515,469,2046,0,0,0,0,0,0,0,0,0,2515,469,2046,0,0,0,0,0,0,0,0,0,0,0,0,0,0,0,PR,9
2900,376385,592,242,350,0,0,0,0,0,0,1,1,0,591,241,350,0,0,0,0,0,0,0,0,0,0,0,0,0,0,0,PR,9
2901,376695,1329,621,708,0,0,0,9,4,5,0,0,0,0,0,0,1303,608,695,13,8,5,3,0,3,1,1,0,0,0,0,MH,9
2902,377111,767,225,542,2,1,1,2,1,1,353,98,255,184,55,129,1,0,1,165,47,118,60,23,37,0,0,0,0,0,0,TX,6
2903,377342,924,142,782,11,3,8,3,0,3,317,49,268,174,19,155,6,6,0,250,33,217,35,5,30,127,27,100,1,0,1,TX,6
2904,377449,408,159,249,5,2,3,4,4,0,246,92,154,13,4,9,8,3,5,54,20,34,49,16,33,29,18,11,0,0,0,VA,5
2905,377546,106,34,72,2,1,1,14,4,10,4,1,3,12,5,7,3,1,2,71,22,49,0,0,0,0,0,0,0,0,0,WA,8
2906,377555,6464,3320,3144,28,16,12,1944,1057,887,467,206,261,644,256,388,31,15,16,2317,1211,1106,396,190,206,97,58,39,540,311,229,WA,8
2907,377564,5372,2598,2774,40,15,25,1071,578,493,502,222,280,811,348,463,71,16,55,2109,1038,1071,470,207,263,115,52,63,183,122,61,WA,8
2908,377661,915,108,807,0,0,0,1,1,0,156,24,132,27,1,26,0,0,0,627,73,554,36,4,32,68,5,63,0,0,0,WV,5
2909,378576,313,87,226,1,0,1,19,7,12,27,10,17,55,18,37,5,4,1,107,21,86,24,10,14,75,17,58,0,0,0,CA,8
2910,380359,701,161,540,403,94,309,2,0,2,12,1,11,11,2,9,0,0,0,273,64,209,0,0,0,0,0,0,0,0,0,MI,3
2911,380368,2045,881,1164,178,62,116,26,7,19,95,78,17,69,29,40,0,0,0,1513,641,872,130,50,80,32,13,19,2,1,1,MN,4
2912,380377,859,253,606,644,193,451,2,1,1,9,8,1,52,13,39,7,1,6,32,6,26,54,21,33,59,10,49,0,0,0,WA,8
2913,380438,694,113,581,12,4,8,16,1,15,9,2,7,59,9,50,5,0,5,547,90,457,30,4,26,16,3,13,0,0,0,UT,7
2914,380465,14,7,7,0,0,0,0,0,0,0,0,0,3,2,1,1,0,1,4,2,2,0,0,0,6,3,3,0,0,0,UT,7
2915,382911,78,45,33,0,0,0,3,2,1,11,9,2,33,19,14,0,0,0,22,11,11,2,0,2,0,0,0,7,4,3,TX,6
2916,382957,757,284,473,4,0,4,9,7,2,546,202,344,20,11,9,2,1,1,126,44,82,32,10,22,18,9,9,0,0,0,VA,5
2917,383190,3372,1269,2103,7,0,7,537,202,335,17,5,12,630,205,425,248,100,148,461,190,271,1344,508,836,70,39,31,58,20,38,HI,8
2918,383996,875,348,527,158,51,107,5,2,3,7,5,2,286,101,185,2,1,1,328,152,176,23,5,18,52,24,28,14,7,7,NM,6
2919,384254,440,277,163,8,5,3,21,11,10,71,49,22,32,24,8,1,1,0,291,178,113,11,7,4,0,0,0,5,2,3,FL,5
2920,384333,14262,5493,8769,146,49,97,466,206,260,1004,390,614,7763,2908,4855,33,5,28,3914,1582,2332,575,207,368,329,129,200,32,17,15,AZ,6
2921,384342,8588,3940,4648,12,6,6,236,97,139,989,435,554,775,360,415,6,4,2,5933,2712,3221,420,177,243,177,122,55,40,27,13,IL,3
2922,384412,202,108,94,1,0,1,28,12,16,65,35,30,16,7,9,0,0,0,43,23,20,9,4,5,1,1,0,39,26,13,DC,2
2923,384421,84,84,0,0,0,0,0,0,0,0,0,0,0,0,0,0,0,0,79,79,0,0,0,0,0,0,0,5,5,0,NJ,2
2924,385619,2174,1179,995,29,11,18,33,17,16,397,210,187,474,266,208,5,4,1,987,544,443,38,19,19,211,108,103,0,0,0,FL,5
2925,386153,557,0,557,0,0,0,0,0,0,0,0,0,0,0,0,0,0,0,557,0,557,0,0,0,0,0,0,0,0,0,NY,2
2926,386472,1101,191,910,7,1,6,51,13,38,384,48,336,262,50,212,4,3,1,311,54,257,16,5,11,66,17,49,0,0,0,FL,5
2927,388520,469,260,209,1,0,1,39,34,5,218,117,101,117,52,65,1,0,1,81,49,32,8,7,1,4,1,3,0,0,0,TX,6
2928,392257,2954,196,2758,15,1,14,40,7,33,957,56,901,1353,90,1263,22,4,18,429,28,401,82,6,76,56,4,52,0,0,0,TX,6
2929,392415,586,141,445,0,0,0,19,4,15,304,66,238,193,50,143,1,0,1,48,14,34,8,4,4,13,3,10,0,0,0,TX,6
2930,395362,2303,828,1475,13,2,11,67,28,39,153,70,83,875,306,569,17,4,13,956,331,625,158,62,96,64,25,39,0,0,0,CA,8
2931,399212,17446,10097,7349,47,34,13,1570,770,800,336,228,108,9030,5161,3869,58,45,13,4899,3007,1892,719,403,316,602,339,263,185,110,75,CA,8
2932,399869,865,833,32,2,2,0,108,105,3,39,37,2,474,457,17,16,14,2,176,172,4,33,32,1,17,14,3,0,0,0,CA,8
2933,399911,408,142,266,0,0,0,60,13,47,12,3,9,47,16,31,3,1,2,71,25,46,22,8,14,12,5,7,181,71,110,CA,8
2934,400558,115,51,64,0,0,0,109,46,63,1,1,0,2,2,0,0,0,0,3,2,1,0,0,0,0,0,0,0,0,0,CA,8
2935,401223,212,57,155,0,0,0,103,22,81,0,0,0,67,23,44,0,0,0,0,0,0,0,0,0,1,0,1,41,12,29,CA,8
2936,402776,30,14,16,6,2,4,1,1,0,1,1,0,13,6,7,0,0,0,8,4,4,0,0,0,1,0,1,0,0,0,NM,6
2937,403469,6529,2934,3595,14,10,4,29,11,18,37,22,15,93,43,50,3,1,2,6279,2805,3474,74,42,32,0,0,0,0,0,0,IL,3
2938,403478,1108,486,622,2,1,1,9,5,4,45,30,15,23,10,13,0,0,0,1001,429,572,28,11,17,0,0,0,0,0,0,IL,3
2939,403487,12675,9881,2794,15,10,5,138,92,46,220,112,108,170,140,30,11,9,2,11179,8744,2435,58,42,16,884,732,152,0,0,0,IL,3
2940,404055,848,116,732,65,5,60,10,2,8,120,13,107,274,44,230,4,0,4,237,37,200,43,5,38,95,10,85,0,0,0,AZ,6
2941,404338,33,16,17,2,2,0,2,2,0,3,1,2,3,1,2,0,0,0,11,3,8,1,0,1,9,6,3,2,1,1,FL,5
2942,404426,5363,2547,2816,995,363,632,62,28,34,114,60,54,1008,475,533,31,16,15,2622,1334,1288,209,104,105,322,167,155,0,0,0,AZ,6
2943,404806,251,88,163,0,0,0,0,0,0,0,0,0,251,88,163,0,0,0,0,0,0,0,0,0,0,0,0,0,0,0,PR,9
2944,404994,6192,2104,4088,8,1,7,473,125,348,1739,727,1012,2015,426,1589,12,0,12,424,147,277,137,60,77,14,4,10,1370,614,756,NY,2
2945,405058,172,172,0,0,0,0,0,0,0,0,0,0,0,0,0,0,0,0,168,168,0,0,0,0,0,0,0,4,4,0,NY,2
2946,405854,222,222,0,0,0,0,0,0,0,0,0,0,0,0,0,0,0,0,222,222,0,0,0,0,0,0,0,0,0,0,NY,2
2947,405872,4304,1756,2548,11,6,5,121,55,66,255,108,147,206,80,126,2,2,0,3478,1411,2067,123,42,81,99,49,50,9,3,6,MD,2
2948,406024,2474,365,2109,10,2,8,92,27,65,520,47,473,317,50,267,3,2,1,1296,207,1089,179,23,156,57,7,50,0,0,0,FL,5
2949,406033,2862,411,2451,11,1,10,91,20,71,367,51,316,1078,165,913,16,3,13,991,119,872,236,40,196,71,12,59,1,0,1,TX,6
2950,406547,290,30,260,5,1,4,3,0,3,99,9,90,40,6,34,0,0,0,129,12,117,14,2,12,0,0,0,0,0,0,FL,5
2951,407610,50,25,25,0,0,0,0,0,0,0,0,0,2,1,1,1,1,0,46,22,24,1,1,0,0,0,0,0,0,0,OR,8
2952,408844,8894,2267,6627,7,2,5,19,11,8,315,78,237,7191,1556,5635,1,1,0,99,38,61,15,4,11,4,1,3,1243,576,667,FL,5
2953,409315,45373,19296,26077,33,14,19,370,183,187,188,98,90,43113,18199,24914,6,3,3,1114,533,581,79,39,40,468,225,243,2,2,0,TX,6
2954,409698,7494,2933,4561,16,9,7,404,208,196,262,119,143,3611,1239,2372,28,12,16,1838,779,1059,386,147,239,427,182,245,522,238,284,CA,8
2955,412173,703,53,650,2,0,2,6,4,2,560,32,528,77,6,71,0,0,0,55,10,45,1,1,0,1,0,1,1,0,1,FL,5
2956,412599,1076,375,701,1,0,1,4,4,0,977,338,639,21,8,13,2,0,2,58,20,38,11,5,6,2,0,2,0,0,0,TN,5
2957,413413,20988,4654,16334,108,27,81,459,137,322,4251,800,3451,2043,526,1517,83,28,55,9897,2133,7764,562,112,450,3499,850,2649,86,41,45,MN,4
2958,413617,327,105,222,277,86,191,0,0,0,2,2,0,5,1,4,1,1,0,42,15,27,0,0,0,0,0,0,0,0,0,WI,3
2959,413626,235,114,121,196,89,107,0,0,0,2,2,0,0,0,0,2,1,1,34,21,13,1,1,0,0,0,0,0,0,0,MN,4
2960,413680,605,552,53,3,3,0,63,60,3,60,54,6,351,320,31,22,15,7,37,34,3,19,17,2,49,48,1,1,1,0,CA,8
2961,414461,3410,3266,144,0,0,0,0,0,0,11,10,1,3385,3243,142,0,0,0,13,12,1,0,0,0,1,1,0,0,0,0,PR,9
2962,414595,346,62,284,0,0,0,46,18,28,33,7,26,51,6,45,0,0,0,108,8,100,24,4,20,82,18,64,2,1,1,NY,2
2963,414823,1404,520,884,7,2,5,14,9,5,522,164,358,343,132,211,0,0,0,243,104,139,31,10,21,114,32,82,130,67,63,FL,5
2964,414878,394,157,237,2,0,2,4,2,2,20,7,13,21,5,16,0,0,0,314,124,190,11,4,7,18,11,7,4,4,0,IN,3
2965,414911,3394,1246,2148,1,0,1,34,14,20,154,55,99,79,33,46,1,0,1,2844,1050,1794,91,28,63,189,66,123,1,0,1,PA,2
2966,414939,560,97,463,5,0,5,16,2,14,138,26,112,218,39,179,37,3,34,118,23,95,23,3,20,5,1,4,0,0,0,NV,8
2967,416801,500,133,367,0,0,0,116,35,81,30,10,20,168,43,125,1,1,0,125,30,95,10,5,5,7,0,7,43,9,34,TX,6
2968,417327,345,57,288,2,0,2,7,1,6,147,20,127,106,19,87,1,0,1,67,11,56,15,6,9,0,0,0,0,0,0,FL,5
2969,417734,159,29,130,1,1,0,2,1,1,10,1,9,1,0,1,0,0,0,142,25,117,3,1,2,0,0,0,0,0,0,MO,4
2970,417752,48,20,28,1,0,1,0,0,0,0,0,0,8,5,3,0,0,0,35,12,23,2,2,0,2,1,1,0,0,0,TX,6
2971,418126,498,151,347,0,0,0,120,38,82,68,18,50,92,30,62,0,0,0,156,46,110,0,0,0,21,5,16,41,14,27,NY,2
2972,418533,393,80,313,1,0,1,14,8,6,57,8,49,55,10,45,0,0,0,231,50,181,35,4,31,0,0,0,0,0,0,PA,2
2973,418889,147,141,6,0,0,0,4,4,0,15,13,2,12,12,0,0,0,0,102,99,3,10,9,1,4,4,0,0,0,0,TN,5
2974,419244,328,267,61,0,0,0,6,4,2,168,129,39,21,15,6,0,0,0,102,94,8,22,18,4,9,7,2,0,0,0,GA,5
2975,420024,329,85,244,2,0,2,6,1,5,206,54,152,8,1,7,2,0,2,63,17,46,39,12,27,3,0,3,0,0,0,VA,5
2976,420042,232,171,61,0,0,0,30,17,13,14,12,2,19,16,3,29,14,15,17,15,2,14,10,4,109,87,22,0,0,0,HI,8
2977,420325,111,111,0,0,0,0,0,0,0,0,0,0,0,0,0,0,0,0,111,111,0,0,0,0,0,0,0,0,0,0,NY,2
2978,420398,25492,10742,14750,48,25,23,818,340,478,1658,735,923,15851,6518,9333,29,11,18,5697,2489,3208,1057,462,595,291,141,150,43,21,22,TX,6
2979,420440,2233,783,1450,12,6,6,46,22,24,35,17,18,58,21,37,1,0,1,1832,614,1218,47,15,32,190,81,109,12,7,5,ME,1
2980,420538,1817,692,1125,4,1,3,10,4,6,5,1,4,80,25,55,4,1,3,1622,626,996,70,27,43,22,7,15,0,0,0,AR,5
2981,420556,1637,577,1060,19,8,11,26,14,12,7,3,4,510,159,351,5,3,2,981,358,623,55,24,31,34,8,26,0,0,0,OR,8
2982,420723,774,314,460,11,6,5,9,4,5,7,1,6,147,59,88,4,1,3,533,219,314,34,15,19,14,5,9,15,4,11,OR,8
2983,421832,344,157,187,10,8,2,1,1,0,190,90,100,35,15,20,0,0,0,98,37,61,5,2,3,4,3,1,1,1,0,NC,5
2984,421841,356,148,208,3,2,1,8,4,4,75,28,47,73,31,42,0,0,0,142,63,79,5,2,3,11,5,6,39,13,26,NY,2
2985,421878,478,74,404,11,0,11,77,17,60,131,25,106,116,19,97,8,1,7,117,11,106,9,0,9,8,0,8,1,1,0,NJ,2
2986,422695,441,49,392,1,0,1,39,6,33,45,5,40,266,26,240,8,1,7,47,8,39,30,3,27,5,0,5,0,0,0,CA,8
2987,423652,877,295,582,23,7,16,12,6,6,5,2,3,172,58,114,3,1,2,585,192,393,66,25,41,11,4,7,0,0,0,OR,8
2988,425250,173,33,140,0,0,0,8,3,5,91,15,76,39,6,33,1,1,0,33,8,25,0,0,0,1,0,1,0,0,0,GA,5
2989,426314,15867,13774,2093,76,66,10,572,480,92,1370,1159,211,2619,2199,420,117,98,19,9001,7970,1031,632,540,92,1096,958,138,384,304,80,FL,5
2990,428170,1203,124,1079,1,0,1,14,1,13,512,46,466,444,44,400,0,0,0,141,17,124,7,1,6,84,15,69,0,0,0,FL,5
2991,428259,181,31,150,2,0,2,7,3,4,23,4,19,16,2,14,0,0,0,123,19,104,2,0,2,8,3,5,0,0,0,WI,3
2992,428392,3267,1347,1920,78,32,46,46,19,27,35,18,17,583,228,355,18,7,11,2185,895,1290,141,62,79,180,86,94,1,0,1,OR,8
2993,429128,1266,118,1148,2,0,2,158,8,150,192,32,160,823,52,771,0,0,0,56,10,46,0,0,0,35,16,19,0,0,0,MA,1
2994,430184,4030,1000,3030,28,9,19,38,17,21,2977,668,2309,201,64,137,6,2,4,516,182,334,180,39,141,81,18,63,3,1,2,MD,2
2995,430485,40,11,29,1,1,0,0,0,0,0,0,0,2,1,1,0,0,0,34,8,26,3,1,2,0,0,0,0,0,0,NE,4
2996,430670,61,11,50,1,0,1,0,0,0,0,0,0,60,11,49,0,0,0,0,0,0,0,0,0,0,0,0,0,0,0,PR,9
2997,430704,18,7,11,0,0,0,1,0,1,1,0,1,2,1,1,1,0,1,5,2,3,0,0,0,2,1,1,6,3,3,TX,6
2998,430795,183,46,137,0,0,0,2,0,2,13,4,9,2,1,1,0,0,0,163,39,124,3,2,1,0,0,0,0,0,0,WV,5
2999,430935,830,657,173,0,0,0,0,0,0,0,0,0,830,657,173,0,0,0,0,0,0,0,0,0,0,0,0,0,0,0,PR,9
3000,431141,2128,746,1382,21,7,14,99,40,59,115,48,67,863,349,514,29,13,16,805,239,566,65,25,40,128,24,104,3,1,2,CA,8
3001,431983,102,102,0,0,0,0,0,0,0,0,0,0,0,0,0,0,0,0,101,101,0,0,0,0,0,0,0,1,1,0,NY,2
3002,432384,775,182,593,5,1,4,34,13,21,72,24,48,477,106,371,7,1,6,141,24,117,35,13,22,4,0,4,0,0,0,CA,8
3003,432524,138,44,94,4,4,0,0,0,0,30,8,22,8,4,4,0,0,0,52,15,37,17,6,11,26,7,19,1,0,1,DE,2
3004,433004,420,102,318,5,1,4,213,57,156,39,11,28,112,20,92,14,3,11,19,6,13,14,4,10,2,0,2,2,0,2,CA,8
3005,433013,593,153,440,11,4,7,168,51,117,35,8,27,174,42,132,11,6,5,122,27,95,11,2,9,56,12,44,5,1,4,CA,8
3006,433174,690,73,617,0,0,0,20,3,17,99,7,92,41,6,35,0,0,0,479,53,426,42,3,39,9,1,8,0,0,0,NC,5
3007,433387,134428,48744,85684,947,304,643,4587,2057,2530,12906,4261,8645,14173,5495,8678,752,293,459,86404,30975,55429,3935,1612,2323,10602,3696,6906,122,51,71,UT,7
3008,433420,287,244,43,0,0,0,30,28,2,15,13,2,104,86,18,7,5,2,114,99,15,0,0,0,17,13,4,0,0,0,CA,8
3009,433536,741,80,661,12,2,10,1,0,1,437,40,397,53,6,47,0,0,0,171,24,147,19,3,16,48,5,43,0,0,0,LA,5
3010,433660,15446,6823,8623,45,18,27,290,110,180,1082,443,639,3529,1503,2026,19,6,13,9494,4313,5181,493,204,289,190,92,98,304,134,170,FL,5
3011,434016,230,71,159,176,50,126,0,0,0,15,11,4,12,1,11,0,0,0,18,6,12,7,3,4,2,0,2,0,0,0,NE,4
3012,434061,9389,3873,5516,39,12,27,127,57,70,3246,1057,2189,443,191,252,190,63,127,4469,2114,2355,392,147,245,347,173,174,136,59,77,LA,5
3013,434159,552,417,135,2,2,0,6,6,0,313,245,68,67,40,27,0,0,0,34,28,6,13,9,4,117,87,30,0,0,0,GA,5
3014,434432,30,7,23,0,0,0,1,0,1,4,1,3,3,1,2,0,0,0,22,5,17,0,0,0,0,0,0,0,0,0,NE,4
3015,434539,144,54,90,0,0,0,0,0,0,33,7,26,79,40,39,1,1,0,24,4,20,7,2,5,0,0,0,0,0,0,FL,5
3016,434584,574,264,310,403,193,210,33,11,22,15,6,9,18,6,12,29,14,15,73,34,39,3,0,3,0,0,0,0,0,0,AK,8
3017,434672,25261,9551,15710,90,22,68,1606,688,918,9529,3160,6369,1484,600,884,54,24,30,9728,3917,5811,989,355,634,310,151,159,1471,634,837,MD,2
3018,434751,173,60,113,144,53,91,0,0,0,0,0,0,1,1,0,0,0,0,17,2,15,11,4,7,0,0,0,0,0,0,MN,4
3019,434900,606,133,473,0,0,0,0,0,0,0,0,0,606,133,473,0,0,0,0,0,0,0,0,0,0,0,0,0,0,0,PR,9
3020,434937,20,20,0,0,0,0,0,0,0,0,0,0,1,1,0,0,0,0,19,19,0,0,0,0,0,0,0,0,0,0,MD,2
3021,435000,43,6,37,1,0,1,4,0,4,10,2,8,4,1,3,0,0,0,23,3,20,1,0,1,0,0,0,0,0,0,LA,5
3022,436304,4434,2110,2324,10,7,3,18,10,8,1366,536,830,190,89,101,94,33,61,1729,1004,725,101,49,52,907,373,534,19,9,10,LA,5
3023,436429,6753,4682,2071,3,3,0,54,40,14,197,153,44,237,170,67,0,0,0,186,148,38,99,68,31,5699,3920,1779,278,180,98,CA,8
3024,436599,133,36,97,0,0,0,3,0,3,9,1,8,11,4,7,0,0,0,110,31,79,0,0,0,0,0,0,0,0,0,MA,1
3025,436614,58,27,31,1,0,1,2,1,1,1,1,0,3,3,0,2,1,1,44,17,27,0,0,0,0,0,0,5,4,1,AZ,6
3026,436818,965,417,548,4,4,0,80,39,41,97,43,54,209,73,136,1,1,0,512,237,275,36,13,23,17,5,12,9,2,7,CT,1
3027,436827,662,303,359,0,0,0,55,35,20,26,16,10,107,35,72,0,0,0,412,192,220,35,15,20,16,6,10,11,4,7,CT,1
3028,436836,2408,1203,1205,2,1,1,227,114,113,323,131,192,698,318,380,0,0,0,916,518,398,79,37,42,33,12,21,130,72,58,CT,1
3029,437097,597,346,251,2,2,0,28,17,11,61,43,18,17,11,6,2,0,2,80,61,19,10,7,3,397,205,192,0,0,0,VA,5
3030,437103,11172,4332,6840,45,23,22,180,88,92,5122,1683,3439,472,179,293,294,88,206,4135,1807,2328,393,138,255,318,229,89,213,97,116,LA,5
3031,437316,464,81,383,1,0,1,65,9,56,10,1,9,61,10,51,3,1,2,267,49,218,39,8,31,16,2,14,2,1,1,OR,8
3032,437325,289,51,238,5,1,4,20,3,17,4,1,3,35,9,26,1,0,1,187,33,154,13,2,11,22,1,21,2,1,1,OR,8
3033,437635,813,84,729,6,1,5,14,2,12,137,16,121,393,29,364,2,0,2,167,27,140,22,0,22,72,9,63,0,0,0,TX,6
3034,437732,296,45,251,0,0,0,14,6,8,163,20,143,26,3,23,4,4,0,55,5,50,6,2,4,28,5,23,0,0,0,TX,6
3035,438151,179,76,103,4,2,2,2,2,0,9,6,3,42,13,29,8,1,7,86,41,45,19,7,12,9,4,5,0,0,0,UT,7
3036,438179,451,99,352,20,4,16,5,2,3,53,14,39,181,40,141,3,1,2,169,32,137,10,3,7,10,3,7,0,0,0,AZ,6
3037,438498,3291,927,2364,9,1,8,113,31,82,1546,382,1164,241,45,196,15,7,8,425,151,274,130,32,98,751,248,503,61,30,31,VA,5
3038,438586,3321,1158,2163,9,2,7,6,4,2,1903,607,1296,10,3,7,12,6,6,309,100,209,89,19,70,983,417,566,0,0,0,GA,5
3039,438708,594,155,439,2,1,1,4,0,4,13,7,6,1,1,0,0,0,0,560,144,416,13,2,11,1,0,1,0,0,0,WV,5
3040,438869,24,5,19,0,0,0,0,0,0,17,4,13,1,0,1,0,0,0,6,1,5,0,0,0,0,0,0,0,0,0,AR,5
3041,439118,588,73,515,13,0,13,13,3,10,28,5,23,53,5,48,14,4,10,445,53,392,18,2,16,4,1,3,0,0,0,WA,8
3042,439190,4402,2245,2157,19,8,11,591,283,308,133,78,55,473,227,246,9,4,5,2034,1067,967,473,229,244,388,192,196,282,157,125,WA,8
3043,439288,1009,391,618,15,4,11,40,16,24,104,44,60,225,83,142,0,0,0,513,198,315,29,17,12,69,22,47,14,7,7,CO,7
3044,439367,1169,365,804,1,0,1,221,92,129,102,31,71,381,110,271,18,8,10,225,54,171,0,0,0,221,70,151,0,0,0,CA,8
3045,439446,27,10,17,0,0,0,1,0,1,1,0,1,4,0,4,0,0,0,16,9,7,0,0,0,1,0,1,4,1,3,FL,5
3046,439507,236,29,207,0,0,0,1,0,1,43,9,34,165,18,147,1,0,1,25,2,23,1,0,1,0,0,0,0,0,0,TX,6
3047,439701,392,159,233,8,6,2,7,3,4,34,9,25,62,25,37,1,1,0,236,98,138,24,9,15,12,5,7,8,3,5,TX,6
3048,439792,601,55,546,1,0,1,18,4,14,216,11,205,41,5,36,1,0,1,272,26,246,35,5,30,17,4,13,0,0,0,FL,5
3049,439862,43,14,29,0,0,0,2,2,0,0,0,0,0,0,0,39,10,29,1,1,0,0,0,0,0,0,0,1,1,0,GU,9
3050,439899,68,40,28,0,0,0,1,1,0,0,0,0,0,0,0,0,0,0,65,38,27,1,0,1,0,0,0,1,1,0,OH,3
3051,439969,151,49,102,0,0,0,2,1,1,10,4,6,114,36,78,0,0,0,20,7,13,1,0,1,1,0,1,3,1,2,FL,5
3052,440271,182,131,51,0,0,0,0,0,0,163,116,47,1,0,1,0,0,0,15,12,3,3,3,0,0,0,0,0,0,0,LA,5
3053,440396,162,68,94,2,0,2,4,3,1,2,1,1,1,0,1,0,0,0,90,37,53,2,0,2,59,25,34,2,2,0,ID,7
3054,440402,4680,1884,2796,26,10,16,39,20,19,642,191,451,170,66,104,1,0,1,3393,1396,1997,81,22,59,244,109,135,84,70,14,AR,5
3055,440651,929,238,691,0,0,0,0,0,0,0,0,0,929,238,691,0,0,0,0,0,0,0,0,0,0,0,0,0,0,0,PR,9
3056,440749,304,217,87,3,1,2,17,12,5,59,38,21,30,19,11,5,3,2,174,133,41,1,1,0,14,10,4,1,0,1,SD,4
3057,440776,65,7,58,0,0,0,1,1,0,9,2,7,45,2,43,0,0,0,10,2,8,0,0,0,0,0,0,0,0,0,TX,6
3058,440794,583,151,432,0,0,0,14,4,10,131,31,100,279,44,235,0,0,0,95,44,51,13,4,9,14,5,9,37,19,18,NJ,2
3059,440828,1243,629,614,16,10,6,22,10,12,13,7,6,123,54,69,3,1,2,929,464,465,70,36,34,47,30,17,20,17,3,OR,8
3060,441070,176,59,117,140,49,91,0,0,0,3,3,0,4,0,4,0,0,0,26,6,20,3,1,2,0,0,0,0,0,0,MI,3
3061,441371,21947,1525,20422,173,17,156,78,6,72,9311,545,8766,515,88,427,86,3,83,4659,244,4415,601,45,556,6515,572,5943,9,5,4,FL,5
3062,441487,93,6,87,0,0,0,0,0,0,1,0,1,5,0,5,0,0,0,86,6,80,1,0,1,0,0,0,0,0,0,MO,4
3063,441609,110,110,0,0,0,0,0,0,0,0,0,0,0,0,0,0,0,0,93,93,0,0,0,0,0,0,0,17,17,0,NY,2
3064,441636,569,88,481,4,2,2,9,3,6,418,60,358,13,2,11,3,0,3,104,19,85,16,2,14,2,0,2,0,0,0,OH,3
3065,441690,333,173,160,0,0,0,0,0,0,0,0,0,333,173,160,0,0,0,0,0,0,0,0,0,0,0,0,0,0,0,PR,9
3066,441742,1486,150,1336,4,0,4,13,1,12,435,48,387,255,17,238,2,0,2,84,8,76,5,0,5,688,76,612,0,0,0,TX,6
3067,441760,4882,2240,2642,27,10,17,149,78,71,1359,530,829,1070,503,567,3,2,1,2118,1061,1057,150,52,98,6,4,2,0,0,0,TX,6
3068,441858,365,36,329,0,0,0,6,0,6,109,12,97,28,2,26,1,0,1,193,18,175,21,4,17,7,0,7,0,0,0,VA,5
3069,441900,6922,1661,5261,24,8,16,769,213,556,550,132,418,2566,581,1985,95,21,74,1908,441,1467,426,101,325,574,162,412,10,2,8,NV,8
3070,441937,7935,2820,5115,16,8,8,492,204,288,169,61,108,4157,1249,2908,13,6,7,2109,875,1234,345,146,199,380,182,198,254,89,165,CA,8
3071,441982,421,197,224,0,0,0,55,17,38,9,9,0,42,22,20,0,0,0,166,83,83,32,17,15,66,23,43,51,26,25,MA,1
3072,442161,22,7,15,0,0,0,0,0,0,9,1,8,4,1,3,0,0,0,3,2,1,0,0,0,6,3,3,0,0,0,IL,3
3073,442356,2139,263,1876,4,0,4,74,10,64,185,25,160,224,25,199,2,0,2,1523,184,1339,50,8,42,77,11,66,0,0,0,PA,2
3074,442383,219,27,192,0,0,0,0,0,0,2,0,2,0,0,0,0,0,0,217,27,190,0,0,0,0,0,0,0,0,0,WV,5
3075,442426,726,80,646,3,0,3,3,0,3,338,26,312,14,1,13,0,0,0,340,50,290,13,0,13,15,3,12,0,0,0,MO,4
3076,442435,69,19,50,0,0,0,1,0,1,17,8,9,38,9,29,0,0,0,13,2,11,0,0,0,0,0,0,0,0,0,GA,5
3077,442523,125,48,77,111,42,69,1,1,0,0,0,0,0,0,0,2,1,1,6,1,5,4,3,1,1,0,1,0,0,0,AK,8
3078,442569,8003,4109,3894,36,15,21,86,59,27,2908,1062,1846,675,402,273,30,16,14,2644,1669,975,483,284,199,1141,602,539,0,0,0,KS,4
3079,442602,605,88,517,137,8,129,10,5,5,12,4,8,321,50,271,3,1,2,110,20,90,5,0,5,4,0,4,3,0,3,NM,6
3080,442639,54,40,14,0,0,0,7,7,0,3,1,2,0,0,0,0,0,0,2,1,1,1,0,1,1,1,0,40,30,10,VA,5
3081,442781,760,265,495,624,197,427,2,2,0,13,10,3,10,6,4,0,0,0,44,23,21,6,5,1,61,22,39,0,0,0,AZ,6
3082,442842,81,15,66,3,0,3,2,0,2,21,3,18,15,4,11,0,0,0,23,5,18,3,0,3,14,3,11,0,0,0,IL,3
3083,442879,1382,141,1241,17,3,14,30,4,26,130,14,116,199,22,177,9,1,8,849,81,768,8,0,8,140,16,124,0,0,0,AZ,6
3084,442930,997,452,545,24,7,17,23,10,13,188,68,120,380,177,203,5,1,4,178,86,92,22,16,6,150,68,82,27,19,8,CA,8
3085,442949,15,0,15,1,0,1,0,0,0,0,0,0,0,0,0,0,0,0,11,0,11,2,0,2,1,0,1,0,0,0,OR,8
3086,443049,213,126,87,1,0,1,33,12,21,60,39,21,12,9,3,1,0,1,79,51,28,12,7,5,7,3,4,8,5,3,WA,8
3087,443058,35,14,21,0,0,0,1,0,1,2,1,1,3,1,2,1,0,1,25,10,15,2,1,1,0,0,0,1,1,0,OK,6
3088,443261,405,44,361,3,0,3,1,0,1,245,21,224,7,2,5,0,0,0,111,17,94,2,1,1,36,3,33,0,0,0,SC,5
3089,443331,3126,687,2439,14,1,13,857,246,611,110,23,87,832,155,677,80,30,50,1023,174,849,192,51,141,18,7,11,0,0,0,CA,8
3090,443340,57,25,32,1,0,1,2,2,0,7,3,4,7,1,6,0,0,0,34,18,16,0,0,0,0,0,0,6,1,5,TN,5
3091,443410,1089,810,279,3,1,2,87,55,32,16,11,5,78,56,22,3,3,0,571,433,138,73,47,26,133,104,29,125,100,25,WA,8
3092,443492,2287,893,1394,6,3,3,17,6,11,72,38,34,7,2,5,0,0,0,2074,794,1280,76,38,38,35,12,23,0,0,0,WV,5
3093,443562,732,144,588,0,0,0,0,0,0,0,0,0,732,144,588,0,0,0,0,0,0,0,0,0,0,0,0,0,0,0,PR,9
3094,443599,834,57,777,26,3,23,9,1,8,120,12,108,100,5,95,12,3,9,532,30,502,24,3,21,11,0,11,0,0,0,OR,8
3095,443696,38,11,27,0,0,0,0,0,0,16,4,12,14,5,9,0,0,0,8,2,6,0,0,0,0,0,0,0,0,0,TX,6
3096,443748,939,212,727,1,0,1,28,13,15,617,126,491,178,36,142,2,2,0,70,28,42,34,5,29,9,2,7,0,0,0,GA,5
3097,443766,5778,1023,4755,14,3,11,11,2,9,4319,627,3692,92,17,75,5,2,3,1104,319,785,171,38,133,62,15,47,0,0,0,TN,5
3098,443784,3157,678,2479,20,4,16,42,17,25,1662,326,1336,376,74,302,1,0,1,886,232,654,116,11,105,53,13,40,1,1,0,PA,2
3099,444088,716,101,615,75,9,66,15,4,11,45,9,36,209,24,185,3,0,3,339,47,292,27,6,21,3,2,1,0,0,0,NM,6
3100,444130,191,37,154,0,0,0,4,2,2,29,10,19,22,1,21,6,0,6,58,16,42,8,1,7,64,7,57,0,0,0,CA,8
3101,444219,13435,5898,7537,102,43,59,1698,775,923,646,322,324,2817,1237,1580,77,33,44,6642,2811,3831,833,377,456,580,284,296,40,16,24,CA,8
3102,444255,206,32,174,0,0,0,0,0,0,80,13,67,14,1,13,0,0,0,96,15,81,14,2,12,2,1,1,0,0,0,TN,5
3103,444334,130,16,114,0,0,0,0,0,0,3,0,3,127,16,111,0,0,0,0,0,0,0,0,0,0,0,0,0,0,0,FL,5
3104,444343,243,37,206,5,1,4,30,12,18,55,5,50,116,15,101,1,0,1,26,3,23,3,0,3,5,1,4,2,0,2,CA,8
3105,444361,119,26,93,2,0,2,13,3,10,15,4,11,42,11,31,0,0,0,46,8,38,1,0,1,0,0,0,0,0,0,CA,8
3106,444398,171,79,92,0,0,0,2,1,1,2,1,1,96,41,55,0,0,0,14,10,4,0,0,0,0,0,0,57,26,31,TX,6
3107,444413,152,152,0,0,0,0,0,0,0,0,0,0,0,0,0,0,0,0,151,151,0,0,0,0,0,0,0,1,1,0,NY,2
3108,444565,367,163,204,1,1,0,25,14,11,100,37,63,120,48,72,1,0,1,108,58,50,4,2,2,2,1,1,6,2,4,TX,6
3109,444778,121,48,73,0,0,0,0,0,0,107,43,64,3,0,3,0,0,0,8,3,5,1,0,1,0,0,0,2,2,0,NC,5
3110,444787,1411,181,1230,18,4,14,111,22,89,198,23,175,210,27,183,21,2,19,797,96,701,19,2,17,37,5,32,0,0,0,UT,7
3111,444811,517,43,474,0,0,0,3,1,2,443,35,408,14,2,12,0,0,0,14,0,14,2,0,2,40,5,35,1,0,1,PA,2
3112,444866,312,33,279,0,0,0,1,0,1,228,25,203,9,2,7,0,0,0,58,4,54,6,1,5,10,1,9,0,0,0,SC,5
3113,444954,2887,1273,1614,15,7,8,13,6,7,127,66,61,23,8,15,1,1,0,2269,1002,1267,56,28,28,383,155,228,0,0,0,WV,5
3114,445027,29050,10966,18084,295,103,192,301,179,122,8467,2873,5594,1148,696,452,194,87,107,7534,3132,4402,998,374,624,10109,3520,6589,4,2,2,AZ,6
3115,445133,496,207,289,5,2,3,16,9,7,267,102,165,23,12,11,1,0,1,48,23,25,2,1,1,133,58,75,1,0,1,TX,6
3116,445188,8546,4099,4447,7,6,1,1633,924,709,380,144,236,4732,2116,2616,50,28,22,768,439,329,268,144,124,45,25,20,663,273,390,CA,8
3117,445203,657,83,574,0,0,0,7,2,5,338,38,300,228,32,196,2,0,2,61,9,52,20,2,18,1,0,1,0,0,0,TX,6
3118,445249,483,127,356,0,0,0,8,3,5,209,74,135,38,12,26,1,1,0,212,36,176,12,1,11,2,0,2,1,0,1,TN,5
3119,445267,4813,1521,3292,13,6,7,61,28,33,175,41,134,145,47,98,4,1,3,4224,1319,2905,81,40,41,104,33,71,6,6,0,MO,4
3120,445300,32,16,16,0,0,0,0,0,0,9,2,7,8,4,4,0,0,0,2,1,1,0,0,0,13,9,4,0,0,0,NJ,2
3121,445461,848,301,547,4,1,3,31,17,14,337,100,237,378,144,234,0,0,0,66,28,38,21,8,13,11,3,8,0,0,0,TX,6
3122,445692,588,501,87,7,6,1,15,13,2,32,25,7,75,64,11,3,2,1,371,324,47,33,24,9,52,43,9,0,0,0,UT,7
3123,445708,1661,566,1095,7,1,6,28,16,12,831,240,591,130,46,84,0,0,0,521,209,312,27,7,20,96,36,60,21,11,10,NC,5
3124,445735,690,183,507,0,0,0,231,72,159,34,6,28,48,12,36,3,1,2,259,72,187,76,13,63,30,6,24,9,1,8,NV,8
3125,445744,638,138,500,0,0,0,4,1,3,253,36,217,143,38,105,0,0,0,191,50,141,35,9,26,12,4,8,0,0,0,FL,5
3126,446048,1137,544,593,4,0,4,33,17,16,51,42,9,161,91,70,0,0,0,712,312,400,0,0,0,131,52,79,45,30,15,FL,5
3127,446109,565,40,525,3,1,2,6,1,5,297,13,284,138,17,121,1,0,1,100,6,94,20,2,18,0,0,0,0,0,0,FL,5
3128,446118,1050,179,871,3,0,3,69,31,38,193,31,162,600,89,511,7,1,6,140,21,119,33,5,28,5,1,4,0,0,0,CA,8
3129,446127,487,29,458,0,0,0,6,0,6,125,2,123,38,4,34,1,0,1,167,13,154,16,1,15,134,9,125,0,0,0,FL,5
3130,446136,589,105,484,2,0,2,5,0,5,155,28,127,42,9,33,2,2,0,350,59,291,30,6,24,3,1,2,0,0,0,MI,3
3131,446163,443,388,55,2,2,0,5,2,3,299,289,10,72,46,26,3,2,1,37,24,13,25,23,2,0,0,0,0,0,0,CA,8
3132,446233,234,126,108,2,0,2,2,0,2,22,14,8,47,27,20,0,0,0,141,73,68,6,4,2,0,0,0,14,8,6,AR,5
3133,446385,326,207,119,2,1,1,18,13,5,19,11,8,53,27,26,4,3,1,124,83,41,5,5,0,5,3,2,96,61,35,CA,8
3134,446394,71,51,20,0,0,0,0,0,0,71,51,20,0,0,0,0,0,0,0,0,0,0,0,0,0,0,0,0,0,0,MD,2
3135,446525,192,162,30,0,0,0,1,1,0,97,85,12,10,6,4,0,0,0,75,63,12,8,6,2,1,1,0,0,0,0,TN,5
3136,446552,2547,1235,1312,42,21,21,19,11,8,747,373,374,920,439,481,2,2,0,769,363,406,21,13,8,21,10,11,6,3,3,FL,5
3137,446561,1760,455,1305,36,13,23,370,156,214,56,10,46,631,117,514,70,31,39,383,71,312,93,25,68,121,32,89,0,0,0,CA,8
3138,446604,2027,2027,0,0,0,0,0,0,0,0,0,0,0,0,0,0,0,0,2018,2018,0,0,0,0,0,0,0,9,9,0,NY,2
3139,446613,36,21,15,0,0,0,0,0,0,36,21,15,0,0,0,0,0,0,0,0,0,0,0,0,0,0,0,0,0,0,SC,5
3140,446640,1535,886,649,11,7,4,110,81,29,360,196,164,164,93,71,7,4,3,793,454,339,32,17,15,30,15,15,28,19,9,PA,2
3141,446774,8331,3345,4986,33,13,20,123,53,70,491,220,271,392,163,229,22,11,11,7042,2796,4246,195,76,119,33,13,20,0,0,0,WV,5
3142,447014,345,21,324,0,0,0,4,1,3,118,3,115,35,4,31,1,0,1,177,12,165,3,0,3,6,1,5,1,0,1,FL,5
3143,447050,252,65,187,4,1,3,33,11,22,44,11,33,74,19,55,2,0,2,88,23,65,5,0,5,2,0,2,0,0,0,CA,8
3144,447263,1703,244,1459,7,2,5,30,2,28,29,5,24,159,23,136,20,5,15,1345,192,1153,49,4,45,64,11,53,0,0,0,UT,7
3145,447458,230,201,29,3,3,0,11,9,2,70,61,9,45,36,9,5,4,1,61,54,7,21,21,0,10,10,0,4,3,1,CA,8
3146,447582,1543,540,1003,6,1,5,9,2,7,103,24,79,21,7,14,1,0,1,1378,499,879,23,6,17,2,1,1,0,0,0,WV,5
3147,447591,903,83,820,3,0,3,20,5,15,154,18,136,500,40,460,1,1,0,29,4,25,20,4,16,176,11,165,0,0,0,TX,6
3148,447689,15489,6567,8922,21,11,10,1670,763,907,5025,1985,3040,3355,1296,2059,22,9,13,4312,2050,2262,579,235,344,124,56,68,381,162,219,GA,5
3149,447713,168,44,124,0,0,0,61,24,37,12,3,9,49,7,42,0,0,0,45,9,36,1,1,0,0,0,0,0,0,0,CA,8
3150,447777,1004,607,397,11,8,3,157,98,59,345,189,156,143,84,59,18,13,5,295,193,102,17,10,7,18,12,6,0,0,0,CA,8
3151,447847,461,431,30,9,7,2,57,51,6,22,21,1,107,102,5,0,0,0,115,108,7,2,2,0,1,1,0,148,139,9,FL,5
3152,447935,432,25,407,0,0,0,5,0,5,171,5,166,5,0,5,0,0,0,174,15,159,33,4,29,44,1,43,0,0,0,KY,5
3153,447953,535,271,264,5,4,1,36,13,23,98,55,43,166,77,89,5,3,2,216,114,102,1,0,1,8,5,3,0,0,0,CA,8
3154,447999,348,85,263,1,1,0,7,0,7,99,27,72,13,2,11,0,0,0,215,51,164,3,1,2,10,3,7,0,0,0,MO,4
3155,448239,179,3,176,0,0,0,4,0,4,0,0,0,14,0,14,0,0,0,153,3,150,8,0,8,0,0,0,0,0,0,UT,7
3156,448354,356,51,305,2,0,2,19,3,16,167,23,144,114,18,96,1,0,1,46,5,41,5,0,5,2,2,0,0,0,0,NJ,2
3157,448594,6345,2256,4089,51,14,37,324,128,196,298,132,166,4107,1414,2693,30,15,15,1165,414,751,182,70,112,181,64,117,7,5,2,CA,8
3158,448600,499,45,454,5,1,4,6,2,4,143,13,130,25,2,23,1,0,1,309,27,282,10,0,10,0,0,0,0,0,0,OH,3
3159,448673,3683,391,3292,14,3,11,105,27,78,1186,114,1072,590,76,514,6,3,3,1030,134,896,108,10,98,644,24,620,0,0,0,IL,3
3160,449038,2688,746,1942,13,2,11,28,11,17,1399,324,1075,436,146,290,8,3,5,635,210,425,102,29,73,58,17,41,9,4,5,FL,5
3161,449083,231,224,7,1,1,0,0,0,0,9,9,0,211,204,7,1,1,0,9,9,0,0,0,0,0,0,0,0,0,0,FL,5
3162,449092,216,209,7,1,1,0,0,0,0,11,11,0,195,188,7,1,1,0,8,8,0,0,0,0,0,0,0,0,0,0,FL,5
3163,449135,277,117,160,0,0,0,0,0,0,0,0,0,277,117,160,0,0,0,0,0,0,0,0,0,0,0,0,0,0,0,PR,9
3164,449250,878,174,704,1,0,1,10,2,8,106,30,76,556,88,468,2,2,0,173,39,134,19,7,12,11,6,5,0,0,0,TX,6
3165,449339,73830,48262,25568,459,270,189,1737,1134,603,11698,6674,5024,11224,7302,3922,761,484,277,38331,26191,12140,3268,1973,1295,5711,3873,1838,641,361,280,WV,5
3166,449348,129,45,84,0,0,0,0,0,0,122,44,78,0,0,0,0,0,0,7,1,6,0,0,0,0,0,0,0,0,0,AL,5
3167,449384,892,593,299,3,3,0,127,76,51,21,11,10,129,87,42,5,4,1,296,215,81,47,32,15,122,79,43,142,86,56,CA,8
3168,449506,40,19,21,0,0,0,0,0,0,0,0,0,39,18,21,0,0,0,1,1,0,0,0,0,0,0,0,0,0,0,FL,5
3169,449524,293,46,247,1,0,1,2,0,2,99,8,91,26,5,21,1,0,1,152,31,121,7,2,5,4,0,4,1,0,1,FL,5
3170,449658,127,127,0,0,0,0,0,0,0,0,0,0,0,0,0,0,0,0,123,123,0,0,0,0,0,0,0,4,4,0,NJ,2
3171,449764,452,263,189,3,0,3,10,6,4,60,36,24,77,46,31,0,0,0,284,162,122,16,12,4,0,0,0,2,1,1,TN,5
3172,449870,159,60,99,2,0,2,4,3,1,2,1,1,50,22,28,0,0,0,13,6,7,0,0,0,7,4,3,81,24,57,CA,8
3173,449889,143,16,127,0,0,0,5,1,4,23,5,18,11,1,10,0,0,0,89,8,81,6,0,6,4,1,3,5,0,5,IN,3
3174,449898,965,249,716,6,1,5,40,12,28,311,77,234,312,79,233,4,2,2,262,66,196,0,0,0,22,8,14,8,4,4,FL,5
3175,449931,298,130,168,4,2,2,2,2,0,97,38,59,8,5,3,1,1,0,145,60,85,1,0,1,39,21,18,1,1,0,VA,5
3176,450058,1309,235,1074,2,1,1,62,17,45,594,106,488,22,8,14,2,1,1,467,76,391,57,8,49,103,18,85,0,0,0,OH,3
3177,450067,784,252,532,2,1,1,38,10,28,512,145,367,11,2,9,1,1,0,182,75,107,22,10,12,16,8,8,0,0,0,OH,3
3178,450298,558,138,420,3,0,3,6,4,2,300,68,232,44,12,32,0,0,0,159,47,112,34,6,28,12,1,11,0,0,0,DE,2
3179,450377,2318,456,1862,7,2,5,1,0,1,1728,288,1440,41,7,34,1,0,1,444,134,310,70,16,54,24,9,15,2,0,2,AL,5
3180,450571,1108,115,993,19,2,17,33,4,29,62,7,55,51,9,42,0,0,0,753,81,672,35,3,32,155,9,146,0,0,0,WI,3
3181,450933,26622,17269,9353,226,142,84,391,227,164,3951,1900,2051,1156,793,363,82,38,44,13896,9858,4038,648,337,311,6266,3970,2296,6,4,2,AL,5
3182,450960,688,77,611,4,1,3,51,14,37,181,10,171,410,47,363,11,1,10,18,0,18,1,0,1,12,4,8,0,0,0,CA,8
3183,451103,1291,315,976,0,0,0,0,0,0,155,24,131,1115,288,827,0,0,0,10,2,8,5,0,5,6,1,5,0,0,0,FL,5
3184,451370,80,80,0,0,0,0,0,0,0,0,0,0,0,0,0,0,0,0,79,79,0,0,0,0,0,0,0,1,1,0,NJ,2
3185,451398,253,253,0,0,0,0,0,0,0,0,0,0,0,0,0,0,0,0,232,232,0,0,0,0,0,0,0,21,21,0,NJ,2
3186,451404,418,418,0,0,0,0,0,0,0,0,0,0,0,0,0,0,0,0,418,418,0,0,0,0,0,0,0,0,0,0,NY,2
3187,451477,2288,1912,376,14,12,2,39,35,4,925,709,216,193,171,22,125,123,2,896,786,110,83,65,18,13,11,2,0,0,0,OH,3
3188,451556,3065,1152,1913,2,0,2,21,8,13,133,82,51,2663,960,1703,4,4,0,220,89,131,2,2,0,20,7,13,0,0,0,TX,6
3189,451741,336,103,233,0,0,0,0,0,0,0,0,0,336,103,233,0,0,0,0,0,0,0,0,0,0,0,0,0,0,0,PR,9
3190,451750,1975,294,1681,21,6,15,56,9,47,828,106,722,219,36,183,3,0,3,716,116,600,118,18,100,14,3,11,0,0,0,WI,3
3191,451820,520,311,209,6,3,3,14,4,10,127,71,56,171,108,63,1,0,1,177,112,65,1,1,0,13,7,6,10,5,5,TX,6
3192,451857,333,43,290,1,0,1,3,0,3,97,13,84,136,20,116,0,0,0,77,9,68,8,0,8,10,0,10,1,1,0,TX,6
3193,451866,511,73,438,1,0,1,1,1,0,348,47,301,3,0,3,0,0,0,125,19,106,4,0,4,29,6,23,0,0,0,LA,5
3194,451927,353,177,176,0,0,0,15,9,6,2,0,2,14,8,6,2,2,0,222,120,102,0,0,0,98,38,60,0,0,0,VA,5
3195,452373,294,21,273,0,0,0,6,2,4,175,7,168,5,0,5,4,0,4,73,10,63,11,1,10,20,1,19,0,0,0,OH,3
3196,452948,1094,131,963,6,0,6,23,12,11,169,16,153,18,2,16,2,1,1,814,90,724,40,6,34,22,4,18,0,0,0,OH,3
3197,453163,7950,1482,6468,88,11,77,28,13,15,6020,1066,4954,258,50,208,8,2,6,1112,260,852,310,48,262,125,31,94,1,1,0,NC,5
3198,453215,1348,291,1057,6,0,6,16,8,8,780,140,640,205,50,155,5,0,5,258,71,187,45,11,34,26,6,20,7,5,2,NJ,2
3199,453792,143,15,128,0,0,0,3,0,3,108,13,95,0,0,0,0,0,0,32,2,30,0,0,0,0,0,0,0,0,0,OH,3
3200,454184,665,234,431,12,6,6,31,9,22,36,10,26,62,20,42,0,0,0,460,158,302,2,0,2,40,16,24,22,15,7,NY,2
3201,454227,23416,2450,20966,81,15,66,1455,290,1165,3660,306,3354,3175,419,2756,94,20,74,13103,1225,11878,387,63,324,1385,107,1278,76,5,71,IL,3
3202,454236,894,89,805,3,0,3,36,6,30,282,24,258,41,5,36,0,0,0,507,51,456,23,3,20,2,0,2,0,0,0,OH,3
3203,454245,867,130,737,12,0,12,87,19,68,53,10,43,197,29,168,1,0,1,474,60,414,41,11,30,2,1,1,0,0,0,AZ,6
3204,454306,166,12,154,0,0,0,0,0,0,27,4,23,4,1,3,0,0,0,134,7,127,1,0,1,0,0,0,0,0,0,MI,3
3205,454458,70,12,58,1,0,1,0,0,0,3,1,2,28,4,24,4,1,3,34,6,28,0,0,0,0,0,0,0,0,0,AR,5
3206,454582,295,105,190,26,11,15,6,1,5,44,10,34,22,11,11,1,0,1,171,60,111,4,1,3,21,11,10,0,0,0,KS,4
3207,454616,261,226,35,8,6,2,11,10,1,44,37,7,10,7,3,1,1,0,176,157,19,2,2,0,7,4,3,2,2,0,MN,4
3208,454689,3,0,3,0,0,0,1,0,1,1,0,1,0,0,0,0,0,0,1,0,1,0,0,0,0,0,0,0,0,0,CO,7
3209,454829,8066,1183,6883,78,7,71,287,64,223,1355,179,1176,933,141,792,46,10,36,3095,442,2653,212,38,174,2060,302,1758,0,0,0,CO,7
3210,454856,1242,221,1021,7,2,5,75,13,62,100,20,80,165,34,131,10,2,8,748,122,626,49,7,42,78,19,59,10,2,8,CO,7
3211,454865,816,102,714,6,0,6,33,7,26,402,56,346,124,13,111,3,1,2,196,16,180,50,8,42,2,1,1,0,0,0,FL,5
3212,455114,21704,9173,12531,195,80,115,433,184,249,344,150,194,3505,1377,2128,62,27,35,14809,6315,8494,658,309,349,1578,688,890,120,43,77,ID,7
3213,455196,4999,442,4557,16,2,14,176,36,140,3080,226,2854,598,60,538,28,3,25,779,89,690,101,12,89,221,14,207,0,0,0,NJ,2
3214,455257,544,544,0,0,0,0,0,0,0,0,0,0,0,0,0,0,0,0,527,527,0,0,0,0,0,0,0,17,17,0,NY,2
3215,455336,298,243,55,1,0,1,2,2,0,159,127,32,49,38,11,0,0,0,82,72,10,3,3,0,2,1,1,0,0,0,TX,6
3216,455479,882,102,780,5,0,5,7,0,7,274,31,243,46,5,41,7,1,6,485,61,424,36,1,35,22,3,19,0,0,0,FL,5
3217,455512,6313,2348,3965,78,33,45,867,368,499,145,61,84,2864,1030,1834,20,7,13,1636,581,1055,282,106,176,208,87,121,213,75,138,CA,8
3218,455628,814,244,570,0,0,0,9,6,3,671,193,478,16,4,12,0,0,0,107,39,68,4,1,3,7,1,6,0,0,0,AL,5
3219,455664,335,49,286,1,0,1,4,0,4,91,13,78,64,14,50,1,1,0,132,18,114,21,1,20,20,2,18,1,0,1,CA,8
3220,455770,157,88,69,3,2,1,5,3,2,8,5,3,59,42,17,5,3,2,63,28,35,9,2,7,1,0,1,4,3,1,CA,8
3221,455868,508,57,451,1,0,1,64,17,47,30,4,26,354,26,328,6,2,4,39,6,33,1,0,1,9,2,7,4,0,4,CA,8
3222,455956,150,14,136,0,0,0,0,0,0,0,0,0,150,14,136,0,0,0,0,0,0,0,0,0,0,0,0,0,0,0,PR,9
3223,455983,563,225,338,2,2,0,184,106,78,18,8,10,67,10,57,1,1,0,155,47,108,0,0,0,24,3,21,112,48,64,VA,5
3224,456153,143,118,25,0,0,0,1,0,1,104,84,20,18,15,3,0,0,0,19,18,1,0,0,0,1,1,0,0,0,0,TX,6
3225,456454,670,228,442,12,4,8,28,12,16,28,11,17,142,51,91,18,12,6,400,126,274,26,7,19,16,5,11,0,0,0,UT,7
3226,456481,95,51,44,0,0,0,0,0,0,0,0,0,95,51,44,0,0,0,0,0,0,0,0,0,0,0,0,0,0,0,FL,5
3227,456490,269,161,108,0,0,0,0,0,0,3,0,3,260,158,102,0,0,0,5,2,3,0,0,0,1,1,0,0,0,0,FL,5
3228,456621,436,120,316,3,2,1,1,0,1,52,13,39,8,2,6,0,0,0,353,98,255,16,3,13,3,2,1,0,0,0,WV,5
3229,456959,595,140,455,3,1,2,84,23,61,54,14,40,42,10,32,0,0,0,369,78,291,23,7,16,18,6,12,2,1,1,MN,4
3230,456977,163,113,50,0,0,0,0,0,0,21,9,12,132,100,32,0,0,0,9,4,5,0,0,0,1,0,1,0,0,0,FL,5
3231,457086,249,47,202,0,0,0,96,25,71,91,16,75,59,6,53,0,0,0,3,0,3,0,0,0,0,0,0,0,0,0,CA,8
3232,457101,455,119,336,3,0,3,73,28,45,78,16,62,160,41,119,20,5,15,81,17,64,24,7,17,9,2,7,7,3,4,NV,8
3233,457110,645,110,535,8,1,7,45,11,34,23,2,21,158,26,132,4,0,4,367,60,307,25,7,18,12,3,9,3,0,3,NV,8
3234,457129,1268,159,1109,5,1,4,69,22,47,493,49,444,333,53,280,9,3,6,311,27,284,36,3,33,12,1,11,0,0,0,FL,5
3235,457226,62,42,20,0,0,0,0,0,0,5,4,1,7,2,5,0,0,0,44,30,14,3,3,0,2,2,0,1,1,0,IN,3
3236,457299,380,77,303,2,2,0,120,17,103,36,3,33,105,17,88,2,0,2,6,2,4,4,1,3,0,0,0,105,35,70,CA,8
3237,457402,62,45,17,1,0,1,0,0,0,53,39,14,1,0,1,1,0,1,2,2,0,2,2,0,0,0,0,2,2,0,FL,5
3238,457484,136,79,57,0,0,0,15,10,5,6,5,1,28,15,13,30,18,12,26,16,10,27,14,13,1,1,0,3,0,3,HI,8
3239,457527,290,39,251,0,0,0,67,20,47,52,3,49,70,6,64,5,1,4,96,9,87,0,0,0,0,0,0,0,0,0,IL,3
3240,457688,585,284,301,3,2,1,25,9,16,172,99,73,88,36,52,3,2,1,243,109,134,14,6,8,36,20,16,1,1,0,MO,4
3241,457697,133,58,75,0,0,0,1,1,0,26,14,12,10,1,9,0,0,0,90,41,49,6,1,5,0,0,0,0,0,0,MO,4
3242,458113,39,15,24,0,0,0,2,1,1,24,10,14,2,0,2,0,0,0,8,4,4,2,0,2,1,0,1,0,0,0,VA,5
3243,458210,4031,887,3144,16,1,15,1568,455,1113,171,24,147,1038,190,848,116,36,80,829,122,707,269,53,216,24,6,18,0,0,0,CA,8
3244,458229,2975,683,2292,19,8,11,749,257,492,170,29,141,906,141,765,100,38,62,694,139,555,242,51,191,95,20,75,0,0,0,CA,8
3245,458496,344,164,180,4,4,0,6,2,4,167,89,78,33,13,20,3,3,0,114,47,67,1,0,1,15,6,9,1,0,1,VA,5
3246,458575,43,19,24,0,0,0,23,12,11,6,3,3,0,0,0,0,0,0,10,4,6,3,0,3,1,0,1,0,0,0,CA,8
3247,458681,575,75,500,1,0,1,17,4,13,375,39,336,31,5,26,0,0,0,123,22,101,24,4,20,4,1,3,0,0,0,IN,3
3248,458885,617,110,507,0,0,0,0,0,0,417,62,355,10,2,8,0,0,0,157,38,119,24,8,16,9,0,9,0,0,0,AR,5
3249,458919,11234,2294,8940,36,9,27,31,15,16,8913,1722,7191,341,80,261,24,5,19,1288,338,950,396,78,318,199,44,155,6,3,3,GA,5
3250,458955,845,131,714,9,6,3,0,0,0,765,113,652,1,1,0,0,0,0,44,8,36,16,0,16,10,3,7,0,0,0,MS,5
3251,458964,4057,761,3296,20,4,16,11,4,7,2915,462,2453,85,20,65,5,3,2,836,232,604,121,19,102,60,16,44,4,1,3,SC,5
3252,458973,4482,1109,3373,25,2,23,33,9,24,2646,566,2080,695,214,481,18,8,10,827,251,576,137,24,113,87,27,60,14,8,6,TX,6
3253,458982,662,318,344,8,5,3,5,1,4,116,59,57,337,167,170,3,2,1,172,72,100,1,0,1,11,7,4,9,5,4,TX,6
3254,459204,5211,758,4453,37,3,34,1251,261,990,299,43,256,715,61,654,130,24,106,423,62,361,177,20,157,2171,283,1888,8,1,7,CA,8
3255,459213,3397,637,2760,20,4,16,1016,261,755,261,41,220,967,134,833,76,19,57,650,106,544,248,46,202,159,26,133,0,0,0,CA,8
3256,459259,535,83,452,4,0,4,10,2,8,249,31,218,43,12,31,3,1,2,217,34,183,0,0,0,7,2,5,2,1,1,VA,5
3257,459268,530,85,445,5,2,3,18,6,12,267,39,228,66,10,56,8,3,5,162,25,137,0,0,0,4,0,4,0,0,0,VA,5
3258,459310,58,8,50,0,0,0,1,0,1,6,0,6,51,8,43,0,0,0,0,0,0,0,0,0,0,0,0,0,0,0,FL,5
3259,459417,114,90,24,0,0,0,3,2,1,4,3,1,13,11,2,0,0,0,88,71,17,5,3,2,1,0,1,0,0,0,MI,3
3260,459727,747,227,520,2,0,2,20,6,14,164,40,124,68,15,53,3,0,3,294,102,192,60,12,48,136,52,84,0,0,0,CA,8
3261,459824,106,14,92,2,0,2,19,3,16,11,3,8,17,3,14,0,0,0,48,4,44,6,1,5,3,0,3,0,0,0,NV,8
3262,459842,887,124,763,4,1,3,82,20,62,154,19,135,218,32,186,7,3,4,381,48,333,14,0,14,27,1,26,0,0,0,WI,3
3263,459851,970,88,882,8,3,5,43,7,36,320,18,302,88,7,81,3,0,3,407,46,361,20,1,19,81,6,75,0,0,0,WI,3
3264,459949,6841,2681,4160,16,6,10,72,33,39,396,187,209,5137,1851,3286,4,1,3,984,497,487,133,61,72,13,8,5,86,37,49,TX,6
3265,459958,606,132,474,4,1,3,4,0,4,244,55,189,288,61,227,1,0,1,45,9,36,6,1,5,14,5,9,0,0,0,TX,6
3266,459994,12396,3870,8526,113,28,85,98,53,45,4622,1029,3593,1456,576,880,57,14,43,5168,1917,3251,505,146,359,372,105,267,5,2,3,DC,2
3267,460020,752,143,609,2,1,1,3,2,1,583,120,463,12,2,10,1,1,0,141,16,125,9,1,8,1,0,1,0,0,0,SC,5
3268,460181,1007,134,873,3,0,3,9,3,6,122,14,108,192,25,167,0,0,0,28,4,24,0,0,0,653,88,565,0,0,0,TX,6
3269,460190,590,68,522,5,0,5,6,2,4,186,24,162,201,20,181,0,0,0,54,6,48,0,0,0,138,16,122,0,0,0,FL,5
3270,460206,1087,183,904,3,0,3,17,8,9,77,13,64,621,97,524,4,0,4,126,18,108,1,0,1,238,47,191,0,0,0,TX,6
3271,460349,1674,463,1211,8,3,5,51,14,37,409,90,319,189,50,139,0,0,0,828,259,569,31,9,22,131,30,101,27,8,19,RI,1
3272,460376,38,27,11,0,0,0,4,3,1,0,0,0,1,0,1,0,0,0,0,0,0,0,0,0,0,0,0,33,24,9,VA,5
3273,460394,16634,6885,9749,55,24,31,827,400,427,1664,590,1074,10197,3977,6220,74,27,47,2389,1143,1246,299,109,190,1030,551,479,99,64,35,CA,8
3274,460464,17543,7813,9730,57,29,28,1620,779,841,1130,482,648,9921,4188,5733,68,38,30,3456,1643,1813,313,140,173,846,433,413,132,81,51,CA,8
3275,460677,597,171,426,0,0,0,0,0,0,0,0,0,570,144,426,0,0,0,0,0,0,0,0,0,0,0,0,27,27,0,PR,9
3276,460738,2125,226,1899,52,13,39,76,11,65,216,29,187,101,13,88,2,0,2,1516,140,1376,62,6,56,100,14,86,0,0,0,CO,7
3277,460756,864,65,799,5,1,4,294,25,269,18,6,12,41,4,37,233,9,224,40,9,31,230,10,220,3,1,2,0,0,0,HI,8
3278,460871,675,71,604,0,0,0,64,6,58,351,31,320,101,9,92,2,1,1,130,23,107,22,1,21,2,0,2,3,0,3,VA,5
3279,460899,211,77,134,1,0,1,0,0,0,7,5,2,39,9,30,1,1,0,98,39,59,53,18,35,10,3,7,2,2,0,ID,7
3280,461014,1982,184,1798,4,1,3,35,4,31,1298,123,1175,425,38,387,1,0,1,36,5,31,0,0,0,182,13,169,1,0,1,NY,2
3281,461023,913,101,812,5,0,5,8,1,7,56,9,47,66,13,53,3,1,2,289,30,259,0,0,0,486,47,439,0,0,0,AZ,6
3282,461032,208,98,110,2,0,2,1,0,1,119,48,71,16,6,10,0,0,0,64,42,22,5,1,4,1,1,0,0,0,0,NC,5
3283,461148,1993,1090,903,5,5,0,27,17,10,91,52,39,79,42,37,1,1,0,173,105,68,57,33,24,564,344,220,996,491,505,CA,8
3284,461218,813,68,745,3,0,3,4,0,4,330,20,310,26,0,26,1,0,1,449,48,401,0,0,0,0,0,0,0,0,0,PA,2
3285,461254,54,10,44,0,0,0,0,0,0,0,0,0,8,1,7,0,0,0,40,8,32,6,1,5,0,0,0,0,0,0,CA,8
3286,461281,348,7,341,0,0,0,0,0,0,0,0,0,335,2,333,0,0,0,2,0,2,0,0,0,0,0,0,11,5,6,FL,5
3287,461315,119,36,83,68,19,49,0,0,0,1,1,0,0,0,0,0,0,0,26,6,20,19,8,11,5,2,3,0,0,0,MI,3
3288,461324,984,253,731,0,0,0,0,0,0,126,34,92,125,56,69,0,0,0,665,142,523,0,0,0,68,21,47,0,0,0,TN,5
3289,461528,188,107,81,3,1,2,2,2,0,23,10,13,28,13,15,1,1,0,117,70,47,11,8,3,0,0,0,3,2,1,NC,5
3290,461643,36,6,30,0,0,0,1,0,1,1,0,1,3,1,2,1,1,0,25,4,21,2,0,2,0,0,0,3,0,3,CA,8
3291,461759,235,113,122,0,0,0,0,0,0,228,109,119,2,1,1,0,0,0,4,2,2,0,0,0,1,1,0,0,0,0,KY,5
3292,461795,419,284,135,0,0,0,14,6,8,90,87,3,63,34,29,0,0,0,47,30,17,22,14,8,6,4,2,177,109,68,TX,6
3293,461847,125,125,0,0,0,0,0,0,0,0,0,0,0,0,0,0,0,0,123,123,0,0,0,0,0,0,0,2,2,0,NJ,2
3294,461865,150,16,134,0,0,0,3,1,2,145,15,130,2,0,2,0,0,0,0,0,0,0,0,0,0,0,0,0,0,0,NJ,2
3295,461883,111,49,62,0,0,0,0,0,0,4,1,3,17,2,15,0,0,0,0,0,0,0,0,0,0,0,0,90,46,44,FL,5
3296,462354,351,181,170,0,0,0,13,7,6,6,3,3,94,39,55,3,1,2,162,92,70,13,9,4,50,25,25,10,5,5,CA,8
3297,463056,1745,814,931,2,0,2,326,148,178,253,108,145,314,110,204,0,0,0,723,387,336,66,30,36,29,16,13,32,15,17,CT,1
3298,464226,819,524,295,11,4,7,15,9,6,155,121,34,206,125,81,11,6,5,355,218,137,17,10,7,49,31,18,0,0,0,AZ,6
3299,465812,16578,4823,11755,110,31,79,71,24,47,2775,735,2040,1093,386,707,72,20,52,4652,1395,3257,1910,490,1420,5883,1738,4145,12,4,8,UT,7
3300,466921,683,58,625,1,0,1,18,2,16,125,7,118,32,3,29,0,0,0,460,39,421,23,4,19,24,3,21,0,0,0,MO,4
3301,466930,1541,234,1307,7,2,5,257,68,189,557,59,498,334,42,292,2,0,2,313,50,263,36,6,30,28,5,23,7,2,5,TX,6
3302,469416,489,125,364,0,0,0,0,0,0,0,0,0,489,125,364,0,0,0,0,0,0,0,0,0,0,0,0,0,0,0,PR,9
3303,470047,70,6,64,2,0,2,1,0,1,9,1,8,7,2,5,0,0,0,51,3,48,0,0,0,0,0,0,0,0,0,KS,4
3304,474863,2808,556,2252,15,2,13,198,48,150,526,79,447,1236,234,1002,48,12,36,604,146,458,82,15,67,98,19,79,1,1,0,CA,8
3305,474890,407,143,264,21,3,18,3,1,2,49,19,30,192,69,123,9,3,6,97,37,60,27,7,20,9,4,5,0,0,0,AZ,6
3306,475121,5666,1083,4583,78,24,54,40,10,30,2669,488,2181,591,124,467,95,21,74,2049,372,1677,2,0,2,141,43,98,1,1,0,GA,5
3307,475130,24,1,23,0,0,0,0,0,0,18,1,17,0,0,0,0,0,0,5,0,5,1,0,1,0,0,0,0,0,0,AL,5
3308,475200,341,100,241,8,2,6,7,2,5,12,5,7,33,10,23,2,0,2,265,77,188,10,3,7,4,1,3,0,0,0,WA,8
3309,475273,861,176,685,3,2,1,9,2,7,367,79,288,229,32,197,2,1,1,179,45,134,32,8,24,35,5,30,5,2,3,MA,1
3310,475398,130,65,65,0,0,0,8,6,2,3,2,1,18,10,8,1,0,1,83,39,44,0,0,0,17,8,9,0,0,0,WV,5
3311,475422,124,16,108,1,0,1,1,0,1,26,5,21,4,0,4,2,0,2,90,11,79,0,0,0,0,0,0,0,0,0,NY,2
3312,475477,352,92,260,3,1,2,2,0,2,123,38,85,54,18,36,1,1,0,132,27,105,37,7,30,0,0,0,0,0,0,FL,5
3313,475565,1123,520,603,4,1,3,60,32,28,263,124,139,657,294,363,1,1,0,62,39,23,26,14,12,0,0,0,50,15,35,NY,2
3314,475608,200,128,72,2,2,0,7,5,2,25,14,11,18,11,7,0,0,0,125,84,41,8,2,6,12,9,3,3,1,2,TX,6
3315,475635,25,10,15,0,0,0,1,0,1,9,3,6,4,3,1,0,0,0,9,4,5,1,0,1,0,0,0,1,0,1,CA,8
3316,475714,767,595,172,0,0,0,0,0,0,35,31,4,627,483,144,0,0,0,81,65,16,2,1,1,22,15,7,0,0,0,FL,5
3317,475732,1503,153,1350,2,0,2,89,9,80,857,81,776,117,11,106,3,0,3,372,48,324,46,2,44,12,1,11,5,1,4,GA,5
3318,475741,328,26,302,0,0,0,20,4,16,87,6,81,16,2,14,1,0,1,190,13,177,13,1,12,1,0,1,0,0,0,IN,3
3319,475750,67,14,53,1,1,0,5,4,1,36,5,31,8,1,7,0,0,0,13,2,11,2,0,2,2,1,1,0,0,0,TX,6
3320,476595,90,12,78,0,0,0,7,3,4,5,1,4,76,8,68,0,0,0,2,0,2,0,0,0,0,0,0,0,0,0,CA,8
3321,476601,73,73,0,0,0,0,0,0,0,0,0,0,0,0,0,0,0,0,70,70,0,0,0,0,0,0,0,3,3,0,MD,2
3322,476683,615,40,575,1,0,1,12,1,11,439,28,411,27,2,25,1,0,1,106,7,99,15,1,14,14,1,13,0,0,0,OH,3
3323,476692,27,27,0,0,0,0,0,0,0,0,0,0,0,0,0,0,0,0,27,27,0,0,0,0,0,0,0,0,0,0,NJ,2
3324,476717,640,640,0,0,0,0,0,0,0,0,0,0,0,0,0,0,0,0,639,639,0,0,0,0,0,0,0,1,1,0,NY,2
3325,476948,803,643,160,4,2,2,6,6,0,607,480,127,62,51,11,0,0,0,48,44,4,18,15,3,57,44,13,1,1,0,GA,5
3326,476975,12812,5774,7038,97,43,54,488,228,260,863,337,526,1929,827,1102,48,19,29,7895,3611,4284,370,148,222,992,490,502,130,71,59,CO,7
3327,477039,1571,189,1382,5,2,3,201,42,159,576,60,516,355,30,325,7,0,7,356,47,309,67,7,60,4,1,3,0,0,0,TX,6
3328,478634,286,168,118,3,1,2,16,13,3,23,18,5,127,65,62,6,3,3,67,43,24,25,15,10,19,10,9,0,0,0,CA,8
3329,479248,302,80,222,1,0,1,58,15,43,9,2,7,51,16,35,0,0,0,142,30,112,0,0,0,5,1,4,36,16,20,VA,5
3330,480028,280,210,70,0,0,0,22,21,1,97,71,26,54,45,9,0,0,0,51,42,9,7,5,2,0,0,0,49,26,23,NY,2
3331,480073,597,125,472,4,0,4,34,13,21,184,31,153,174,42,132,6,4,2,182,33,149,0,0,0,10,2,8,3,0,3,TX,6
3332,480091,13009,1582,11427,116,19,97,123,28,95,5252,607,4645,882,108,774,41,4,37,5773,707,5066,673,78,595,142,26,116,7,5,2,NY,2
3333,480189,803,287,516,11,8,3,12,4,8,142,65,77,49,21,28,1,0,1,550,177,373,0,0,0,33,9,24,5,3,2,PA,2
3334,480198,585,305,280,13,6,7,36,16,20,81,42,39,79,42,37,9,5,4,318,169,149,10,5,5,37,19,18,2,1,1,OR,8
3335,480204,664,106,558,3,1,2,14,4,10,60,13,47,401,67,334,4,0,4,131,16,115,36,5,31,15,0,15,0,0,0,CA,8
3336,480499,19,12,7,0,0,0,0,0,0,1,1,0,5,2,3,0,0,0,13,9,4,0,0,0,0,0,0,0,0,0,IA,4
3337,480569,2288,948,1340,20,10,10,40,20,20,502,183,319,350,152,198,16,10,6,1156,484,672,28,7,21,131,57,74,45,25,20,FL,5
3338,480657,1128,125,1003,15,1,14,23,4,19,184,22,162,93,13,80,4,1,3,571,78,493,69,1,68,169,5,164,0,0,0,KS,4
3339,480781,110,73,37,0,0,0,1,0,1,28,27,1,30,23,7,0,0,0,8,6,2,12,8,4,0,0,0,31,9,22,CA,8
3340,480824,575,55,520,6,0,6,12,5,7,188,18,170,269,15,254,1,0,1,68,11,57,13,0,13,18,6,12,0,0,0,TX,6
3341,480833,702,43,659,0,0,0,18,3,15,109,4,105,357,21,336,3,0,3,177,9,168,12,3,9,26,3,23,0,0,0,TX,6
3342,480851,123,71,52,0,0,0,0,0,0,35,22,13,82,45,37,0,0,0,1,0,1,2,1,1,3,3,0,0,0,0,FL,5
3343,480967,343,149,194,266,109,157,0,0,0,2,2,0,12,7,5,0,0,0,0,0,0,63,31,32,0,0,0,0,0,0,OK,6
3344,480985,337,2,335,8,0,8,1,0,1,44,0,44,29,0,29,2,0,2,239,2,237,0,0,0,14,0,14,0,0,0,UT,7
3345,481058,58,26,32,0,0,0,38,15,23,0,0,0,0,0,0,0,0,0,0,0,0,0,0,0,0,0,0,20,11,9,CA,8
3346,481155,471,140,331,0,0,0,1,1,0,334,88,246,10,3,7,0,0,0,109,40,69,13,7,6,4,1,3,0,0,0,GA,5
3347,481225,25,15,10,0,0,0,0,0,0,2,1,1,2,2,0,0,0,0,7,6,1,0,0,0,0,0,0,14,6,8,TN,5
3348,481252,156,12,144,0,0,0,1,1,0,105,8,97,13,1,12,3,0,3,34,2,32,0,0,0,0,0,0,0,0,0,FL,5
3349,481401,254,178,76,0,0,0,1,1,0,34,12,22,11,8,3,0,0,0,46,33,13,1,1,0,158,120,38,3,3,0,TX,6
3350,481410,100,100,0,0,0,0,0,0,0,0,0,0,0,0,0,0,0,0,94,94,0,0,0,0,0,0,0,6,6,0,NY,2
3351,481438,76,76,0,0,0,0,0,0,0,0,0,0,0,0,0,0,0,0,76,76,0,0,0,0,0,0,0,0,0,0,NJ,2
3352,481720,9,1,8,0,0,0,0,0,0,6,0,6,1,1,0,0,0,0,2,0,2,0,0,0,0,0,0,0,0,0,NC,5
3353,482149,6290,2204,4086,10,5,5,395,152,243,1609,451,1158,499,173,326,13,5,8,3207,1196,2011,386,150,236,101,44,57,70,28,42,GA,5
3354,482158,9770,4159,5611,12,4,8,271,151,120,3333,1228,2105,534,231,303,10,5,5,5044,2283,2761,387,158,229,46,24,22,133,75,58,GA,5
3355,482228,228,144,84,1,1,0,12,10,2,8,6,2,15,9,6,0,0,0,183,112,71,8,5,3,0,0,0,1,1,0,IN,3
3356,482325,30,3,27,0,0,0,0,0,0,13,2,11,6,0,6,0,0,0,9,1,8,0,0,0,0,0,0,2,0,2,TX,6
3357,482413,1324,796,528,10,7,3,83,54,29,396,217,179,356,216,140,6,3,3,361,229,132,13,7,6,70,43,27,29,20,9,NY,2
3358,482422,365,265,100,7,5,2,8,5,3,36,25,11,101,64,37,4,4,0,161,125,36,9,8,1,39,29,10,0,0,0,AZ,6
3359,482431,2624,1664,960,15,9,6,299,198,101,320,203,117,931,557,374,71,53,18,769,511,258,72,37,35,128,82,46,19,14,5,CA,8
3360,482440,197,84,113,1,0,1,8,4,4,15,5,10,37,13,24,3,1,2,119,57,62,6,1,5,7,3,4,1,0,1,CO,7
3361,482459,863,424,439,7,4,3,18,13,5,225,101,124,250,118,132,4,1,3,305,162,143,14,7,7,30,12,18,10,6,4,FL,5
3362,482468,1371,609,762,6,2,4,34,17,17,742,300,442,91,42,49,3,2,1,391,204,187,24,5,19,74,31,43,6,6,0,GA,5
3363,482477,23347,8059,15288,208,59,149,691,369,322,6117,1518,4599,3492,1328,2164,99,35,64,11152,4219,6933,608,207,401,873,288,585,107,36,71,IL,3
3364,482486,42,17,25,1,0,1,0,0,0,10,4,6,9,3,6,0,0,0,16,8,8,0,0,0,6,2,4,0,0,0,IN,3
3365,482538,88,62,26,2,1,1,1,1,0,16,10,6,8,1,7,0,0,0,59,47,12,1,1,0,1,1,0,0,0,0,MO,4
3366,482547,91,58,33,0,0,0,8,7,1,18,10,8,20,12,8,3,1,2,30,21,9,4,3,1,7,4,3,1,0,1,NV,8
3367,482556,331,232,99,0,0,0,34,25,9,66,37,29,95,67,28,0,0,0,103,82,21,2,2,0,15,9,6,16,10,6,NJ,2
3368,482565,70,35,35,0,0,0,2,2,0,36,14,22,10,5,5,0,0,0,15,13,2,2,1,1,5,0,5,0,0,0,NC,5
3369,482574,681,383,298,6,3,3,7,5,2,143,67,76,17,8,9,2,2,0,467,281,186,15,6,9,24,11,13,0,0,0,OH,3
3370,482608,202,108,94,0,0,0,4,2,2,76,33,43,21,11,10,1,0,1,76,49,27,0,0,0,24,13,11,0,0,0,PA,2
3371,482617,53,31,22,0,0,0,0,0,0,17,11,6,6,4,2,1,0,1,25,15,10,0,0,0,4,1,3,0,0,0,TN,5
3372,482635,470,300,170,3,3,0,15,11,4,131,78,53,144,84,60,3,2,1,144,106,38,7,5,2,19,8,11,4,3,1,TX,6
3373,482653,237,131,106,2,1,1,7,4,3,99,49,50,28,12,16,1,0,1,78,53,25,4,3,1,15,7,8,3,2,1,VA,5
3374,482680,22283,9689,12594,44,16,28,764,353,411,968,392,576,3004,1214,1790,33,15,18,16225,7146,9079,720,297,423,203,84,119,322,172,150,GA,5
3375,482699,3052,1024,2028,7,0,7,35,13,22,876,276,600,236,87,149,3,2,1,1821,616,1205,40,14,26,26,13,13,8,3,5,GA,5
3376,482705,4243,1881,2362,5,1,4,353,144,209,344,109,235,343,128,215,2,2,0,1646,689,957,118,49,69,415,200,215,1017,559,458,MA,1
3377,482936,1323,1130,193,6,6,0,57,41,16,78,60,18,270,233,37,4,3,1,816,711,105,45,39,6,17,14,3,30,23,7,FL,5
3378,483018,103,42,61,3,2,1,1,0,1,22,10,12,14,6,8,0,0,0,53,20,33,5,2,3,5,2,3,0,0,0,OH,3
3379,483036,2494,1000,1494,13,6,7,79,29,50,693,277,416,628,258,370,21,8,13,972,380,592,62,30,32,25,11,14,1,1,0,TX,6
3380,483045,11958,4475,7483,30,9,21,119,67,52,5837,1958,3879,492,203,289,8,7,1,5172,2119,3053,245,86,159,33,13,20,22,13,9,GA,5
3381,483124,53411,21427,31984,517,158,359,2390,1064,1326,4142,1723,2419,10793,4043,6750,196,72,124,31396,12809,18587,2467,835,1632,1385,660,725,125,63,62,AZ,6
3382,483212,6176,2618,3558,14,6,8,28,11,17,2154,729,1425,187,74,113,99,38,61,2670,1114,1556,174,64,110,831,577,254,19,5,14,LA,5
3383,483221,111,52,59,0,0,0,0,0,0,2,0,2,1,1,0,0,0,0,3,1,2,0,0,0,1,1,0,104,49,55,CA,8
3384,483595,1170,346,824,0,0,0,0,0,0,0,0,0,1143,334,809,0,0,0,25,11,14,2,1,1,0,0,0,0,0,0,PR,9
3385,483780,148,100,48,0,0,0,6,4,2,0,0,0,0,0,0,0,0,0,2,1,1,0,0,0,35,22,13,105,73,32,VA,5
3386,483814,587,60,527,1,0,1,39,3,36,478,52,426,33,2,31,0,0,0,31,2,29,5,1,4,0,0,0,0,0,0,VA,5
3387,484066,765,39,726,1,0,1,12,3,9,203,8,195,58,3,55,1,0,1,446,23,423,39,2,37,5,0,5,0,0,0,KY,5
3388,484473,4932,2093,2839,14,9,5,257,105,152,269,88,181,1033,432,601,12,6,6,2973,1286,1687,151,56,95,189,97,92,34,14,20,FL,5
3389,484613,109697,34398,75299,697,191,506,1475,528,947,21673,4776,16897,11310,3588,7722,658,183,475,28947,9552,19395,2713,723,1990,41961,14737,27224,263,120,143,AZ,6
3390,484631,4863,3194,1669,22,12,10,169,99,70,396,214,182,1114,676,438,58,35,23,671,480,191,110,73,37,2322,1605,717,1,0,1,CA,8
3391,484668,104,58,46,0,0,0,1,0,1,27,12,15,20,11,9,0,0,0,22,16,6,3,1,2,31,18,13,0,0,0,FL,5
3392,484677,62,25,37,0,0,0,0,0,0,27,9,18,6,6,0,0,0,0,6,4,2,3,0,3,20,6,14,0,0,0,GA,5
3393,484710,237,141,96,3,1,2,8,4,4,48,24,24,37,21,16,6,4,2,32,16,16,5,4,1,98,67,31,0,0,0,NV,8
3394,484756,501,296,205,1,0,1,6,4,2,159,85,74,61,35,26,3,2,1,64,47,17,9,5,4,198,118,80,0,0,0,TX,6
3395,484835,204,53,151,0,0,0,0,0,0,0,0,0,204,53,151,0,0,0,0,0,0,0,0,0,0,0,0,0,0,0,PR,9
3396,484862,6,3,3,0,0,0,0,0,0,4,1,3,0,0,0,0,0,0,1,1,0,0,0,0,0,0,0,1,1,0,CA,8
3397,484871,124,124,0,0,0,0,0,0,0,0,0,0,0,0,0,0,0,0,124,124,0,0,0,0,0,0,0,0,0,0,NY,2
3398,484905,3761,1230,2531,7,3,4,70,32,38,1096,328,768,2057,652,1405,1,0,1,376,169,207,78,24,54,23,8,15,53,14,39,TX,6
3399,484932,2108,778,1330,10,1,9,18,10,8,127,42,85,45,22,23,4,2,2,1837,667,1170,0,0,0,67,34,33,0,0,0,WV,5
3400,485111,14828,5342,9486,490,211,279,400,172,228,6226,2013,4213,1040,404,636,40,14,26,6399,2424,3975,10,3,7,174,64,110,49,37,12,GA,5
3401,485139,179,141,38,10,10,0,1,1,0,104,86,18,46,31,15,0,0,0,13,11,2,3,1,2,2,1,1,0,0,0,IL,3
3402,485263,610,336,274,3,2,1,66,40,26,91,52,39,225,105,120,21,11,10,103,54,49,43,26,17,58,46,12,0,0,0,CA,8
3403,485272,1492,188,1304,0,0,0,35,7,28,228,15,213,1056,146,910,2,0,2,117,15,102,47,5,42,7,0,7,0,0,0,FL,5
3404,485458,6421,2373,4048,21,12,9,79,28,51,1319,390,929,383,161,222,2,2,0,4466,1735,2731,101,26,75,31,15,16,19,4,15,GA,5
3405,485519,800,565,235,8,6,2,9,6,3,196,158,38,139,104,35,6,5,1,395,258,137,37,24,13,3,1,2,7,3,4,CA,8
3406,485546,204,84,120,2,2,0,7,2,5,54,15,39,76,38,38,2,1,1,59,25,34,1,0,1,3,1,2,0,0,0,CA,8
3407,485698,94,83,11,0,0,0,0,0,0,4,3,1,3,3,0,1,1,0,86,76,10,0,0,0,0,0,0,0,0,0,SC,5
3408,485768,223,144,79,0,0,0,14,8,6,21,12,9,107,65,42,0,0,0,15,10,5,17,13,4,4,4,0,45,32,13,FL,5
3409,485908,257,66,191,1,0,1,3,1,2,49,16,33,25,7,18,1,0,1,113,25,88,7,2,5,54,14,40,4,1,3,OH,3
3410,485953,55,48,7,0,0,0,0,0,0,7,7,0,13,12,1,1,0,1,34,29,5,0,0,0,0,0,0,0,0,0,TX,6
3411,485999,162,162,0,0,0,0,0,0,0,0,0,0,0,0,0,0,0,0,162,162,0,0,0,0,0,0,0,0,0,0,NY,2
3412,486017,49,49,0,0,0,0,0,0,0,0,0,0,0,0,0,0,0,0,47,47,0,0,0,0,0,0,0,2,2,0,NY,2
3413,486026,130,130,0,0,0,0,0,0,0,0,0,0,0,0,0,0,0,0,130,130,0,0,0,0,0,0,0,0,0,0,NY,2
3414,486053,136,78,58,2,2,0,2,1,1,2,2,0,3,3,0,0,0,0,105,65,40,2,2,0,2,1,1,18,2,16,MN,4
3415,486196,238,238,0,0,0,0,0,0,0,0,0,0,0,0,0,0,0,0,231,231,0,0,0,0,0,0,0,7,7,0,NY,2
3416,486239,112,45,67,0,0,0,0,0,0,0,0,0,62,26,36,0,0,0,0,0,0,0,0,0,0,0,0,50,19,31,FL,5
3417,486257,402,184,218,2,0,2,19,10,9,136,67,69,72,35,37,3,1,2,147,61,86,7,1,6,8,3,5,8,6,2,OH,3
3418,486284,352,111,241,0,0,0,1,1,0,12,4,8,0,0,0,0,0,0,268,81,187,9,2,7,55,19,36,7,4,3,MN,4
3419,486354,90,41,49,0,0,0,9,7,2,0,0,0,51,23,28,0,0,0,4,0,4,0,0,0,4,4,0,22,7,15,FL,5
3420,486488,51,33,18,1,0,1,4,2,2,5,3,2,5,5,0,1,0,1,32,20,12,0,0,0,0,0,0,3,3,0,CA,8
3421,486594,91,41,50,0,0,0,0,0,0,25,14,11,13,4,9,1,0,1,49,21,28,1,1,0,2,1,1,0,0,0,VA,5
3422,486840,39961,20707,19254,53,29,24,2022,1165,857,8642,4070,4572,4527,2263,2264,45,23,22,21304,11423,9881,1894,912,982,803,432,371,671,390,281,GA,5
3423,486901,966,442,524,0,0,0,12,6,6,39,15,24,40,16,24,2,1,1,798,353,445,17,8,9,4,1,3,54,42,12,TN,5
3424,486938,556,113,443,0,0,0,129,29,100,53,9,44,139,28,111,12,4,8,181,34,147,33,7,26,8,2,6,1,0,1,NV,8
3425,486947,510,63,447,1,0,1,38,7,31,92,5,87,33,6,27,0,0,0,322,43,279,16,2,14,7,0,7,1,0,1,MI,3
3426,486956,1094,146,948,3,1,2,100,29,71,399,50,349,209,27,182,4,1,3,346,38,308,23,0,23,10,0,10,0,0,0,NJ,2
3427,486965,328,125,203,3,2,1,11,5,6,50,21,29,21,9,12,1,0,1,189,67,122,40,15,25,11,5,6,2,1,1,CA,8
3428,487010,300,27,273,0,0,0,7,2,5,55,8,47,5,1,4,0,0,0,203,16,187,2,0,2,28,0,28,0,0,0,TN,5
3429,487092,1009,446,563,0,0,0,293,117,176,73,27,46,108,41,67,0,0,0,310,139,171,37,16,21,8,3,5,180,103,77,GA,5
3430,487162,6804,2238,4566,26,10,16,63,22,41,2273,571,1702,566,203,363,2,1,1,3792,1407,2385,38,7,31,35,13,22,9,4,5,GA,5
3431,487296,450,211,239,3,1,2,12,8,4,17,10,7,220,85,135,0,0,0,173,95,78,17,7,10,6,3,3,2,2,0,AZ,6
3432,487302,799,227,572,0,0,0,52,16,36,288,63,225,13,4,9,0,0,0,374,127,247,34,6,28,36,11,25,2,0,2,OH,3
3433,487320,13892,9488,4404,78,61,17,70,50,20,775,573,202,7715,4604,3111,18,14,4,4510,3661,849,197,151,46,528,373,155,1,1,0,TX,6
3434,487375,827,98,729,27,19,8,171,28,143,177,10,167,218,20,198,16,2,14,180,14,166,35,4,31,3,1,2,0,0,0,NV,8
3435,487384,986,344,642,0,0,0,2,0,2,417,142,275,233,73,160,6,4,2,28,11,17,13,3,10,287,111,176,0,0,0,FL,5
3436,487393,1360,549,811,2,1,1,3,1,2,589,228,361,282,115,167,3,2,1,85,29,56,12,5,7,384,168,216,0,0,0,FL,5
3437,487409,980,415,565,3,0,3,0,0,0,323,139,184,351,141,210,1,0,1,11,7,4,2,1,1,289,127,162,0,0,0,FL,5
3438,487418,1383,550,833,3,1,2,4,3,1,656,222,434,70,31,39,2,1,1,17,7,10,12,2,10,619,283,336,0,0,0,FL,5
3439,487427,1075,384,691,1,0,1,3,2,1,183,61,122,136,52,84,1,0,1,42,12,30,11,0,11,698,257,441,0,0,0,FL,5
3440,487436,860,224,636,0,0,0,6,2,4,355,84,271,64,14,50,2,0,2,79,22,57,6,1,5,348,101,247,0,0,0,FL,5
3441,487445,906,372,534,0,0,0,3,0,3,356,138,218,141,50,91,0,0,0,58,18,40,6,2,4,342,164,178,0,0,0,FL,5
3442,487454,1082,405,677,1,0,1,4,2,2,482,180,302,127,39,88,2,1,1,46,24,22,3,1,2,417,158,259,0,0,0,FL,5
3443,487472,1728,621,1107,5,4,1,12,4,8,499,169,330,416,126,290,6,2,4,83,34,49,21,8,13,686,274,412,0,0,0,FL,5
3444,487490,1217,430,787,4,2,2,2,2,0,442,138,304,182,54,128,9,4,5,38,14,24,19,5,14,521,211,310,0,0,0,TX,6
3445,487524,3125,1309,1816,14,8,6,38,17,21,129,98,31,34,17,17,3,1,2,2572,1009,1563,90,48,42,170,67,103,75,44,31,ME,1
3446,487588,634,31,603,5,0,5,2,0,2,416,16,400,21,1,20,1,0,1,73,5,68,0,0,0,116,9,107,0,0,0,MS,5
3447,487603,1247,548,699,9,2,7,39,12,27,41,19,22,92,41,51,16,6,10,465,211,254,52,12,40,532,245,287,1,0,1,WA,8
3448,487658,109,77,32,0,0,0,1,1,0,14,10,4,5,4,1,0,0,0,65,45,20,9,6,3,15,11,4,0,0,0,LA,5
3449,487746,28,28,0,0,0,0,0,0,0,0,0,0,0,0,0,0,0,0,23,23,0,0,0,0,0,0,0,5,5,0,NY,2
3450,487861,426,55,371,1,0,1,14,5,9,393,49,344,3,0,3,0,0,0,14,1,13,0,0,0,1,0,1,0,0,0,OH,3
3451,487977,2523,128,2395,35,0,35,81,3,78,365,35,330,564,30,534,22,1,21,1337,52,1285,103,6,97,16,1,15,0,0,0,WV,5
3452,488004,26,26,0,0,0,0,0,0,0,0,0,0,0,0,0,0,0,0,25,25,0,0,0,0,0,0,0,1,1,0,NY,2
3453,488031,79,35,44,1,1,0,4,1,3,7,3,4,15,10,5,0,0,0,21,11,10,3,0,3,28,9,19,0,0,0,CA,8
3454,488059,86,38,48,0,0,0,0,0,0,0,0,0,48,19,29,0,0,0,3,1,2,0,0,0,35,18,17,0,0,0,FL,5
3455,488068,204,23,181,1,1,0,4,0,4,15,2,13,13,1,12,0,0,0,161,18,143,5,0,5,2,1,1,3,0,3,TN,5
3456,488077,3893,3836,57,42,41,1,27,27,0,150,148,2,386,377,9,16,15,1,2998,2957,41,155,152,3,119,119,0,0,0,0,AZ,6
3457,488101,114,114,0,0,0,0,0,0,0,0,0,0,0,0,0,0,0,0,114,114,0,0,0,0,0,0,0,0,0,0,NY,2
3458,488305,128,66,62,0,0,0,2,2,0,11,6,5,15,10,5,0,0,0,77,39,38,4,1,3,13,4,9,6,4,2,NY,2
3459,488314,90,90,0,0,0,0,0,0,0,0,0,0,0,0,0,0,0,0,82,82,0,0,0,0,0,0,0,8,8,0,NJ,2
3460,488332,271,16,255,0,0,0,2,0,2,259,16,243,8,0,8,0,0,0,2,0,2,0,0,0,0,0,0,0,0,0,FL,5
3461,488350,99,99,0,0,0,0,0,0,0,0,0,0,0,0,0,0,0,0,88,88,0,0,0,0,0,0,0,11,11,0,NJ,2
3462,488448,88,64,24,2,1,1,7,6,1,9,6,3,11,7,4,1,1,0,55,41,14,3,2,1,0,0,0,0,0,0,WA,8
3463,488679,9830,2614,7216,22,1,21,92,35,57,2605,561,2044,502,143,359,9,2,7,5999,1654,4345,339,84,255,90,25,65,172,109,63,IN,3
3464,488730,9796,4097,5699,35,14,21,264,103,161,990,431,559,4951,1987,2964,16,4,12,2976,1301,1675,500,221,279,63,36,27,1,0,1,TX,6
3465,488776,85,30,55,0,0,0,5,1,4,6,2,4,13,6,7,0,0,0,45,17,28,0,0,0,16,4,12,0,0,0,IN,3
3466,488785,263,150,113,3,2,1,6,3,3,22,14,8,110,53,57,5,3,2,89,55,34,15,10,5,6,4,2,7,6,1,CA,8
3467,488846,58668,38013,20655,115,73,42,4368,2831,1537,5316,3444,1872,2138,1385,753,135,88,47,5906,3840,2066,21,1,20,40669,26351,14318,0,0,0,CA,8
3468,489201,13353,5279,8074,72,23,49,1863,829,1034,375,146,229,6014,2196,3818,29,13,16,4308,1781,2527,561,247,314,130,44,86,1,0,1,CA,8
3469,489283,730,120,610,0,0,0,2,0,2,2,0,2,697,114,583,0,0,0,24,5,19,1,1,0,4,0,4,0,0,0,TX,6
3470,489344,300,24,276,0,0,0,15,2,13,135,6,129,28,0,28,1,0,1,114,15,99,6,1,5,0,0,0,1,0,1,NC,5
3471,489353,327,73,254,6,1,5,59,21,38,11,4,7,52,7,45,3,2,1,180,35,145,14,3,11,2,0,2,0,0,0,CA,8
3472,489779,48769,18278,30491,302,110,192,1007,519,488,10585,3269,7316,6083,2652,3431,263,126,137,27090,10388,16702,1958,711,1247,1384,468,916,97,35,62,IN,3
3473,489937,521,283,238,2,2,0,8,4,4,97,52,45,41,29,12,1,1,0,286,141,145,18,12,6,65,40,25,3,2,1,NC,5
3474,490045,63,26,37,0,0,0,43,16,27,0,0,0,0,0,0,0,0,0,0,0,0,0,0,0,11,4,7,9,6,3,CA,8
3475,490054,1323,412,911,4,2,2,6,5,1,531,95,436,129,52,77,1,1,0,314,161,153,14,5,9,324,91,233,0,0,0,FL,5
3476,490063,116,59,57,0,0,0,0,0,0,0,0,0,0,0,0,0,0,0,0,0,0,0,0,0,0,0,0,116,59,57,CA,8
3477,490081,59,30,29,0,0,0,19,9,10,3,2,1,16,8,8,0,0,0,2,2,0,0,0,0,1,1,0,18,8,10,CA,8
3478,490124,13,7,6,0,0,0,3,0,3,1,1,0,4,3,1,0,0,0,2,2,0,0,0,0,0,0,0,3,1,2,CA,8
3479,490133,1034,674,360,4,2,2,15,12,3,49,36,13,53,38,15,2,1,1,59,38,21,34,18,16,761,495,266,57,34,23,CA,8
3480,490203,229,20,209,1,0,1,0,0,0,5,0,5,11,2,9,1,0,1,207,18,189,4,0,4,0,0,0,0,0,0,MO,4
3481,490230,173,91,82,0,0,0,13,2,11,1,0,1,1,1,0,0,0,0,0,0,0,0,0,0,0,0,0,158,88,70,GA,5
3482,490276,99,99,0,0,0,0,0,0,0,0,0,0,0,0,0,0,0,0,99,99,0,0,0,0,0,0,0,0,0,0,NY,2
3483,490285,264,240,24,1,0,1,36,32,4,33,32,1,34,30,4,2,2,0,27,26,1,15,15,0,116,103,13,0,0,0,CA,8
3484,490319,34,34,0,0,0,0,0,0,0,0,0,0,0,0,0,0,0,0,34,34,0,0,0,0,0,0,0,0,0,0,NJ,2
3485,490328,67,67,0,0,0,0,0,0,0,0,0,0,0,0,0,0,0,0,67,67,0,0,0,0,0,0,0,0,0,0,NY,2
3486,490346,30,0,30,0,0,0,0,0,0,0,0,0,0,0,0,0,0,0,30,0,30,0,0,0,0,0,0,0,0,0,NY,2
3487,490498,32,19,13,0,0,0,0,0,0,8,6,2,2,1,1,0,0,0,20,12,8,0,0,0,2,0,2,0,0,0,LA,5
3488,490504,45,45,0,0,0,0,0,0,0,0,0,0,0,0,0,0,0,0,45,45,0,0,0,0,0,0,0,0,0,0,NY,2
3489,490513,58,58,0,0,0,0,0,0,0,0,0,0,0,0,0,0,0,0,55,55,0,0,0,0,0,0,0,3,3,0,NJ,2
3490,490559,688,30,658,6,0,6,15,2,13,433,20,413,127,3,124,0,0,0,65,3,62,15,1,14,27,1,26,0,0,0,FL,5
3491,490568,198,16,182,0,0,0,1,0,1,6,2,4,8,2,6,1,0,1,180,12,168,1,0,1,1,0,1,0,0,0,MI,3
3492,490805,11014,4683,6331,24,8,16,330,147,183,1137,382,755,2233,982,1251,10,6,4,6521,2751,3770,317,128,189,148,79,69,294,200,94,IN,3
3493,490878,650,157,493,4,0,4,71,24,47,18,5,13,267,63,204,3,2,1,159,35,124,42,9,33,86,19,67,0,0,0,CA,8
3494,490975,442,43,399,1,0,1,2,0,2,125,4,121,274,35,239,2,0,2,26,3,23,11,1,10,1,0,1,0,0,0,FL,5
3495,491057,200,200,0,0,0,0,0,0,0,0,0,0,0,0,0,0,0,0,200,200,0,0,0,0,0,0,0,0,0,0,NY,2
3496,491181,528,82,446,3,3,0,1,0,1,4,1,3,0,0,0,0,0,0,510,74,436,8,3,5,2,1,1,0,0,0,KY,5
3497,491288,862,277,585,9,2,7,32,15,17,30,12,18,39,13,26,1,1,0,731,228,503,10,3,7,10,3,7,0,0,0,WI,3
3498,491297,152,75,77,0,0,0,3,2,1,6,2,4,11,5,6,0,0,0,122,62,60,8,3,5,2,1,1,0,0,0,WI,3
3499,491446,142,0,142,0,0,0,0,0,0,0,0,0,0,0,0,0,0,0,142,0,142,0,0,0,0,0,0,0,0,0,NY,2
3500,491525,70,39,31,0,0,0,1,0,1,5,2,3,1,1,0,0,0,0,61,34,27,0,0,0,0,0,0,2,2,0,IN,3
3501,491613,66,66,0,0,0,0,0,0,0,0,0,0,0,0,0,0,0,0,66,66,0,0,0,0,0,0,0,0,0,0,NJ,2
3502,491622,76,76,0,0,0,0,0,0,0,0,0,0,0,0,0,0,0,0,68,68,0,0,0,0,0,0,0,8,8,0,NJ,2
3503,491631,140,0,140,0,0,0,0,0,0,0,0,0,0,0,0,0,0,0,140,0,140,0,0,0,0,0,0,0,0,0,MD,2
3504,491640,159,159,0,0,0,0,0,0,0,0,0,0,0,0,0,0,0,0,158,158,0,0,0,0,0,0,0,1,1,0,NJ,2
3505,491710,116,116,0,0,0,0,0,0,0,0,0,0,0,0,0,0,0,0,112,112,0,0,0,0,0,0,0,4,4,0,NJ,2
3506,491765,92,92,0,0,0,0,0,0,0,0,0,0,0,0,0,0,0,0,92,92,0,0,0,0,0,0,0,0,0,0,NJ,2
3507,491817,204,0,204,0,0,0,0,0,0,0,0,0,0,0,0,0,0,0,204,0,204,0,0,0,0,0,0,0,0,0,NJ,2
3508,491844,176,55,121,168,50,118,0,0,0,0,0,0,2,2,0,1,0,1,4,3,1,0,0,0,1,0,1,0,0,0,MN,4
3509,491914,147,147,0,0,0,0,0,0,0,0,0,0,0,0,0,0,0,0,144,144,0,0,0,0,0,0,0,3,3,0,NJ,2
3510,492069,95,64,31,2,0,2,1,1,0,35,28,7,4,1,3,0,0,0,46,31,15,7,3,4,0,0,0,0,0,0,AR,5
3511,492476,278,86,192,0,0,0,0,0,0,0,0,0,278,86,192,0,0,0,0,0,0,0,0,0,0,0,0,0,0,0,PR,9
3512,492689,500,95,405,1,0,1,14,3,11,52,12,40,323,67,256,0,0,0,93,11,82,4,0,4,9,0,9,4,2,2,TX,6
3513,492722,499,34,465,1,0,1,4,0,4,22,0,22,398,29,369,0,0,0,65,4,61,3,0,3,6,1,5,0,0,0,TX,6
3514,492759,283,25,258,3,1,2,5,2,3,142,6,136,33,5,28,1,0,1,91,10,81,6,1,5,1,0,1,1,0,1,LA,5
3515,492801,1903,717,1186,26,7,19,27,14,13,96,47,49,122,49,73,10,3,7,1454,514,940,43,12,31,82,39,43,43,32,11,MO,4
3516,492962,5054,1838,3216,25,16,9,29,14,15,1770,473,1297,269,100,169,14,6,8,2363,992,1371,149,48,101,429,185,244,6,4,2,IN,3
3517,493451,165,31,134,4,1,3,2,0,2,8,1,7,7,4,3,0,0,0,141,24,117,1,0,1,2,1,1,0,0,0,MO,4
3518,493488,24,2,22,0,0,0,0,0,0,23,2,21,1,0,1,0,0,0,0,0,0,0,0,0,0,0,0,0,0,0,FL,5
3519,493512,180,121,59,0,0,0,6,4,2,25,17,8,100,53,47,0,0,0,49,47,2,0,0,0,0,0,0,0,0,0,CA,8
3520,493521,7,2,5,0,0,0,0,0,0,4,0,4,0,0,0,0,0,0,3,2,1,0,0,0,0,0,0,0,0,0,OH,3
3521,493594,48,48,0,0,0,0,0,0,0,0,0,0,0,0,0,0,0,0,45,45,0,0,0,0,0,0,0,3,3,0,NY,2
3522,493600,179,179,0,0,0,0,0,0,0,0,0,0,0,0,0,0,0,0,179,179,0,0,0,0,0,0,0,0,0,0,NY,2
3523,493619,167,80,87,2,1,1,1,0,1,7,4,3,21,12,9,0,0,0,87,41,46,15,6,9,24,14,10,10,2,8,CA,8
3524,493646,204,0,204,0,0,0,0,0,0,0,0,0,0,0,0,0,0,0,204,0,204,0,0,0,0,0,0,0,0,0,NY,2
3525,493664,82,82,0,0,0,0,0,0,0,0,0,0,0,0,0,0,0,0,82,82,0,0,0,0,0,0,0,0,0,0,NY,2
3526,493707,80,80,0,0,0,0,0,0,0,0,0,0,0,0,0,0,0,0,79,79,0,0,0,0,0,0,0,1,1,0,NJ,2
3527,493716,75,75,0,0,0,0,0,0,0,0,0,0,0,0,0,0,0,0,75,75,0,0,0,0,0,0,0,0,0,0,NJ,2
3528,493725,1082,366,716,14,3,11,6,5,1,293,57,236,23,7,16,4,2,2,643,261,382,40,13,27,55,15,40,4,3,1,AR,5
3529,493798,132,0,132,0,0,0,0,0,0,0,0,0,0,0,0,0,0,0,132,0,132,0,0,0,0,0,0,0,0,0,NY,2
3530,493822,253,75,178,4,0,4,5,2,3,56,23,33,91,20,71,0,0,0,67,19,48,4,2,2,26,9,17,0,0,0,RI,1
3531,494162,217,23,194,1,1,0,14,3,11,118,9,109,33,1,32,0,0,0,39,4,35,12,5,7,0,0,0,0,0,0,TX,6
3532,494171,938,84,854,20,0,20,31,5,26,113,9,104,214,21,193,4,0,4,462,37,425,92,12,80,2,0,2,0,0,0,AZ,6
3533,494250,160,14,146,0,0,0,0,0,0,80,6,74,20,1,19,0,0,0,36,4,32,4,1,3,20,2,18,0,0,0,OH,3
3534,494269,53,43,10,1,1,0,2,2,0,11,9,2,0,0,0,1,0,1,30,26,4,0,0,0,6,3,3,2,2,0,GA,5
3535,494278,294,61,233,0,0,0,0,0,0,0,0,0,267,34,233,0,0,0,0,0,0,0,0,0,0,0,0,27,27,0,PR,9
3536,494287,498,157,341,0,0,0,0,0,0,0,0,0,498,157,341,0,0,0,0,0,0,0,0,0,0,0,0,0,0,0,PR,9
3537,494436,398,106,292,2,1,1,2,0,2,13,7,6,19,7,12,0,0,0,351,88,263,11,3,8,0,0,0,0,0,0,TN,5
3538,494597,87,43,44,0,0,0,2,2,0,26,13,13,38,15,23,0,0,0,18,12,6,3,1,2,0,0,0,0,0,0,FL,5
3539,494630,52,23,29,0,0,0,0,0,0,0,0,0,34,15,19,1,0,1,4,2,2,0,0,0,0,0,0,13,6,7,TX,6
3540,494685,335,145,190,9,6,3,6,3,3,15,5,10,48,21,27,0,0,0,233,99,134,11,2,9,6,4,2,7,5,2,MO,4
3541,494737,140,140,0,0,0,0,0,0,0,0,0,0,0,0,0,0,0,0,140,140,0,0,0,0,0,0,0,0,0,0,NY,2
3542,494746,282,62,220,4,2,2,50,17,33,17,6,11,53,8,45,8,3,5,66,12,54,38,7,31,45,7,38,1,0,1,CA,8
3543,494807,68,13,55,0,0,0,0,0,0,4,2,2,40,8,32,0,0,0,24,3,21,0,0,0,0,0,0,0,0,0,PR,9
3544,494843,916,62,854,5,0,5,19,4,15,596,45,551,218,10,208,2,0,2,55,0,55,16,2,14,5,1,4,0,0,0,MD,2
3545,494852,1027,265,762,2,2,0,9,3,6,229,41,188,227,78,149,2,1,1,514,128,386,43,11,32,1,1,0,0,0,0,IL,3
3546,494898,84,11,73,1,0,1,0,0,0,9,1,8,4,1,3,0,0,0,55,7,48,1,1,0,14,1,13,0,0,0,KS,4
